-0.10571,0.02921,0
-0.10551,0.02921,0
-0.10531,0.02921,0
-0.10511,0.02921,0
-0.10491,0.02921,0
-0.10471,0.02921,0
-0.10451,0.02921,0
-0.10431,0.02921,0
-0.10411,0.02921,0
-0.10391,0.02921,0
-0.10371,0.02921,0
-0.10351,0.02921,0
-0.10331,0.02921,0
-0.10311,0.02921,0
-0.10291,0.02921,0
-0.10271,0.02921,0
-0.10251,0.02921,0
-0.10231,0.02921,0
-0.10211,0.02921,0
-0.10191,0.02921,0
-0.10171,0.02921,0
-0.10151,0.02921,0
-0.10131,0.02921,0
-0.10111,0.02921,0
-0.10091,0.02921,0
-0.10071,0.02921,0
-0.10051,0.02921,0
-0.10031,0.02921,0
-0.10011,0.02921,0
-0.099911,0.02921,0
-0.099711,0.02921,0
-0.099511,0.02921,0
-0.099311,0.02921,0
-0.099111,0.02921,0
-0.098911,0.02921,0
-0.098711,0.02921,0
-0.098511,0.02921,0
-0.098311,0.02921,0
-0.098111,0.02921,0
-0.097911,0.02921,0
-0.097711,0.02921,0
-0.097511,0.02921,0
-0.097311,0.02921,0
-0.097111,0.02921,0
-0.096911,0.02921,0
-0.096711,0.02921,0
-0.096511,0.02921,0
-0.096311,0.02921,0
-0.096111,0.02921,0
-0.095911,0.02921,0
-0.095711,0.02921,0
-0.095511,0.02921,0
-0.095311,0.02921,0
-0.095111,0.02921,0
-0.094911,0.02921,0
-0.094711,0.02921,0
-0.094511,0.02921,0
-0.094311,0.02921,0
-0.094111,0.02921,0
-0.093911,0.02921,0
-0.093711,0.02921,0
-0.093511,0.02921,0
-0.093311,0.02921,0
-0.093111,0.02921,0
-0.092911,0.02921,0
-0.092711,0.02921,0
-0.092511,0.02921,0
-0.092311,0.02921,0
-0.092111,0.02921,0
-0.091911,0.02921,0
-0.091711,0.02921,0
-0.091511,0.02921,0
-0.091311,0.02921,0
-0.091111,0.02921,0
-0.090911,0.02921,0
-0.090711,0.02921,0
-0.090511,0.02921,0
-0.090311,0.02921,0
-0.090111,0.02921,0
-0.089911,0.02921,0
-0.089711,0.02921,0
-0.089511,0.02921,0
-0.089311,0.02921,0
-0.089111,0.02921,0
-0.088911,0.02921,0
-0.088711,0.02921,0
-0.088511,0.02921,0
-0.088311,0.02921,0
-0.088111,0.02921,0
-0.087911,0.02921,0
-0.087711,0.02921,0
-0.087511,0.02921,0
-0.087311,0.02921,0
-0.087111,0.02921,0
-0.086911,0.02921,0
-0.086711,0.02921,0
-0.086511,0.02921,0
-0.086311,0.02921,0
-0.086111,0.02921,0
-0.085911,0.02921,0
-0.085711,0.02921,0
-0.085511,0.02921,0
-0.085311,0.02921,0
-0.085111,0.02921,0
-0.084911,0.02921,0
-0.084711,0.02921,0
-0.084511,0.02921,0
-0.084311,0.02921,0
-0.084111,0.02921,0
-0.083911,0.02921,0
-0.083711,0.02921,0
-0.083511,0.02921,0
-0.083311,0.02921,0
-0.083111,0.02921,0
-0.082911,0.02921,0
-0.082711,0.02921,0
-0.082511,0.02921,0
-0.082311,0.02921,0
-0.082111,0.02921,0
-0.081911,0.02921,0
-0.081711,0.02921,0
-0.081511,0.02921,0
-0.081311,0.02921,0
-0.081111,0.02921,0
-0.080911,0.02921,0
-0.080711,0.02921,0
-0.080511,0.02921,0
-0.080311,0.02921,0
-0.080111,0.02921,0
-0.079911,0.02921,0
-0.079711,0.02921,0
-0.079511,0.02921,0
-0.079311,0.02921,0
-0.079111,0.02921,0
-0.078911,0.02921,0
-0.078711,0.02921,0
-0.078511,0.02921,0
-0.078311,0.02921,0
-0.078111,0.02921,0
-0.077911,0.02921,0
-0.077711,0.02921,0
-0.077511,0.02921,0
-0.077311,0.02921,0
-0.077111,0.02921,0
-0.076911,0.02921,0
-0.076711,0.02921,0
-0.076511,0.02921,0
-0.076311,0.02921,0
-0.076111,0.02921,0
-0.075911,0.02921,0
-0.075711,0.02921,0
-0.075511,0.02921,0
-0.075311,0.02921,0
-0.075111,0.02921,0
-0.074911,0.02921,0
-0.074711,0.02921,0
-0.074511,0.02921,0
-0.074311,0.02921,0
-0.074111,0.02921,0
-0.073911,0.02921,0
-0.073711,0.02921,0
-0.073511,0.02921,0
-0.073311,0.02921,0
-0.073111,0.02921,0
-0.072911,0.02921,0
-0.072711,0.02921,0
-0.072511,0.02921,0
-0.072311,0.02921,0
-0.072111,0.02921,0
-0.071911,0.02921,0
-0.071711,0.02921,0
-0.071511,0.02921,0
-0.071311,0.02921,0
-0.071111,0.02921,0
-0.070911,0.02921,0
-0.070711,0.02921,0
-0.070511,0.02921,0
-0.070311,0.02921,0
-0.070111,0.02921,0
-0.069911,0.02921,0
-0.069711,0.02921,0
-0.069511,0.02921,0
-0.069311,0.02921,0
-0.069111,0.02921,0
-0.068911,0.02921,0
-0.068711,0.02921,0
-0.068511,0.02921,0
-0.068311,0.02921,0
-0.068111,0.02921,0
-0.067911,0.02921,0
-0.067711,0.02921,0
-0.067511,0.02921,0
-0.067311,0.02921,0
-0.067111,0.02921,0
-0.066911,0.02921,0
-0.066711,0.02921,0
-0.066511,0.02921,0
-0.066311,0.02921,0
-0.066111,0.02921,0
-0.065911,0.02921,0
-0.065711,0.02921,0
-0.065511,0.02921,0
-0.065311,0.02921,0
-0.065111,0.02921,0
-0.064911,0.02921,0
-0.064711,0.02921,0
-0.064511,0.02921,0
-0.064311,0.02921,0
-0.064111,0.02921,0
-0.063911,0.02921,0
-0.063711,0.02921,0
-0.063511,0.02921,0
-0.063311,0.02921,0
-0.063111,0.02921,0
-0.062911,0.02921,0
-0.062711,0.02921,0
-0.062511,0.02921,0
-0.062311,0.02921,0
-0.062111,0.02921,0
-0.061911,0.02921,0
-0.061711,0.02921,0
-0.061511,0.02921,0
-0.061311,0.02921,0
-0.061111,0.02921,0
-0.060911,0.02921,0
-0.060711,0.02921,0
-0.060511,0.02921,0
-0.060311,0.02921,0
-0.060111,0.02921,0
-0.059911,0.02921,0
-0.059711,0.02921,0
-0.059511,0.02921,0
-0.059311,0.02921,0
-0.059111,0.02921,0
-0.058911,0.02921,0
-0.058711,0.02921,0
-0.058511,0.02921,0
-0.058311,0.02921,0
-0.058111,0.02921,0
-0.057911,0.02921,0
-0.057711,0.02921,0
-0.057511,0.02921,0
-0.057311,0.02921,0
-0.057111,0.02921,0
-0.056911,0.02921,0
-0.056711,0.02921,0
-0.056511,0.02921,0
-0.056311,0.02921,0
-0.056111,0.02921,0
-0.055911,0.02921,0
-0.055711,0.02921,0
-0.055511,0.02921,0
-0.055311,0.02921,0
-0.055111,0.02921,0
-0.054911,0.02921,0
-0.054711,0.02921,0
-0.054511,0.02921,0
-0.054311,0.02921,0
-0.054111,0.02921,0
-0.053911,0.02921,0
-0.053711,0.02921,0
-0.053511,0.02921,0
-0.053311,0.02921,0
-0.053111,0.02921,0
-0.052911,0.02921,0
-0.052711,0.02921,0
-0.052511,0.02921,0
-0.052311,0.02921,0
-0.052111,0.02921,0
-0.051911,0.02921,0
-0.051711,0.02921,0
-0.051511,0.02921,0
-0.051311,0.02921,0
-0.051111,0.02921,0
-0.050911,0.02921,0
-0.050711,0.02921,0
-0.050511,0.02921,0
-0.050311,0.02921,0
-0.050111,0.02921,0
-0.049911,0.02921,0
-0.049711,0.02921,0
-0.049511,0.02921,0
-0.049311,0.02921,0
-0.049111,0.02921,0
-0.048911,0.02921,0
-0.048711,0.02921,0
-0.048511,0.02921,0
-0.048311,0.02921,0
-0.048111,0.02921,0
-0.047911,0.02921,0
-0.047711,0.02921,0
-0.047511,0.02921,0
-0.047311,0.02921,0
-0.047111,0.02921,0
-0.046911,0.02921,0
-0.046711,0.02921,0
-0.046511,0.02921,0
-0.046311,0.02921,0
-0.046111,0.02921,0
-0.045911,0.02921,0
-0.045711,0.02921,0
-0.045511,0.02921,0
-0.045311,0.02921,0
-0.045111,0.02921,0
-0.044911,0.02921,0
-0.044711,0.02921,0
-0.044511,0.02921,0
-0.044311,0.02921,0
-0.044111,0.02921,0
-0.043911,0.02921,0
-0.043711,0.02921,0
-0.043511,0.02921,0
-0.043311,0.02921,0
-0.043111,0.02921,0
-0.042911,0.02921,0
-0.042711,0.02921,0
-0.042511,0.02921,0
-0.042311,0.02921,0
-0.042111,0.02921,0
-0.041911,0.02921,0
-0.041711,0.02921,0
-0.041511,0.02921,0
-0.041311,0.02921,0
-0.041111,0.02921,0
-0.040911,0.02921,0
-0.040711,0.02921,0
-0.040511,0.02921,0
-0.040311,0.02921,0
-0.040111,0.02921,0
-0.039911,0.02921,0
-0.039711,0.02921,0
-0.039511,0.02921,0
-0.039311,0.02921,0
-0.039111,0.02921,0
-0.038911,0.02921,0
-0.038711,0.02921,0
-0.038511,0.02921,0
-0.038311,0.02921,0
-0.038111,0.02921,0
-0.037911,0.02921,0
-0.037711,0.02921,0
-0.037511,0.02921,0
-0.037311,0.02921,0
-0.037111,0.02921,0
-0.036911,0.02921,0
-0.036711,0.02921,0
-0.036511,0.02921,0
-0.036311,0.02921,0
-0.036111,0.02921,0
-0.035911,0.02921,0
-0.035711,0.02921,0
-0.035511,0.02921,0
-0.035311,0.02921,0
-0.035111,0.02921,0
-0.034911,0.02921,0
-0.034711,0.02921,0
-0.034511,0.02921,0
-0.034311,0.02921,0
-0.034111,0.02921,0
-0.033911,0.02921,0
-0.033711,0.02921,0
-0.033511,0.02921,0
-0.033311,0.02921,0
-0.033111,0.02921,0
-0.032911,0.02921,0
-0.032711,0.02921,0
-0.032511,0.02921,0
-0.032311,0.02921,0
-0.032111,0.02921,0
-0.031911,0.02921,0
-0.031711,0.02921,0
-0.031511,0.02921,0
-0.031311,0.02921,0
-0.031111,0.02921,0
-0.030911,0.02921,0
-0.030711,0.02921,0
-0.030511,0.02921,0
-0.030311,0.02921,0
-0.030111,0.02921,0
-0.029911,0.02921,0
-0.029711,0.02921,0
-0.029511,0.02921,0
-0.029311,0.02921,0
-0.029111,0.02921,0
-0.028911,0.02921,0
-0.028711,0.02921,0
-0.028511,0.02921,0
-0.028311,0.02921,0
-0.028111,0.02921,0
-0.027911,0.02921,0
-0.027711,0.02921,0
-0.027511,0.02921,0
-0.027311,0.02921,0
-0.027111,0.02921,0
-0.026969,0.02921,0
-0.026961,0.02921,0
-0.026954,0.029211,0
-0.026946,0.029212,0
-0.026938,0.029212,0
-0.026931,0.029213,0
-0.026923,0.029214,0
-0.026915,0.029215,0
-0.026908,0.029216,0
-0.0269,0.029216,0
-0.026892,0.029217,0
-0.026885,0.029218,0
-0.026877,0.029219,0
-0.02687,0.029219,0
-0.026862,0.02922,0
-0.026854,0.029221,0
-0.026847,0.029222,0
-0.026839,0.029222,0
-0.026831,0.029223,0
-0.026824,0.029224,0
-0.026816,0.029225,0
-0.026808,0.029225,0
-0.026801,0.029226,0
-0.026793,0.029227,0
-0.026786,0.029227,0
-0.026778,0.029228,0
-0.02677,0.029229,0
-0.026763,0.029229,0
-0.026755,0.02923,0
-0.026747,0.029231,0
-0.02674,0.029231,0
-0.026732,0.029232,0
-0.026724,0.029233,0
-0.026717,0.029233,0
-0.026709,0.029234,0
-0.026702,0.029234,0
-0.026694,0.029235,0
-0.026686,0.029236,0
-0.026679,0.029236,0
-0.026671,0.029237,0
-0.026663,0.029238,0
-0.026656,0.029238,0
-0.026648,0.029239,0
-0.02664,0.029239,0
-0.026633,0.02924,0
-0.026625,0.02924,0
-0.026618,0.029241,0
-0.02661,0.029241,0
-0.026602,0.029242,0
-0.026595,0.029243,0
-0.026587,0.029243,0
-0.026579,0.029244,0
-0.026572,0.029244,0
-0.026564,0.029245,0
-0.026557,0.029245,0
-0.026549,0.029246,0
-0.026541,0.029246,0
-0.026534,0.029247,0
-0.026526,0.029247,0
-0.026518,0.029248,0
-0.026511,0.029248,0
-0.026503,0.029249,0
-0.026495,0.029249,0
-0.026488,0.029249,0
-0.02648,0.02925,0
-0.026473,0.02925,0
-0.026465,0.029251,0
-0.026457,0.029251,0
-0.02645,0.029252,0
-0.026442,0.029252,0
-0.026434,0.029252,0
-0.026427,0.029253,0
-0.026419,0.029253,0
-0.026412,0.029254,0
-0.026404,0.029254,0
-0.026396,0.029254,0
-0.026389,0.029255,0
-0.026381,0.029255,0
-0.026373,0.029255,0
-0.026366,0.029256,0
-0.026358,0.029256,0
-0.026351,0.029257,0
-0.026343,0.029257,0
-0.026335,0.029257,0
-0.026328,0.029258,0
-0.02632,0.029258,0
-0.026312,0.029258,0
-0.026305,0.029258,0
-0.026297,0.029259,0
-0.02629,0.029259,0
-0.026282,0.029259,0
-0.026274,0.02926,0
-0.026267,0.02926,0
-0.026259,0.02926,0
-0.026252,0.02926,0
-0.026244,0.029261,0
-0.026236,0.029261,0
-0.026229,0.029261,0
-0.026221,0.029261,0
-0.026213,0.029262,0
-0.026206,0.029262,0
-0.026198,0.029262,0
-0.026191,0.029262,0
-0.026183,0.029263,0
-0.026175,0.029263,0
-0.026168,0.029263,0
-0.02616,0.029263,0
-0.026153,0.029263,0
-0.026145,0.029264,0
-0.026137,0.029264,0
-0.02613,0.029264,0
-0.026122,0.029264,0
-0.026114,0.029264,0
-0.026107,0.029264,0
-0.026099,0.029265,0
-0.026092,0.029265,0
-0.026084,0.029265,0
-0.026076,0.029265,0
-0.026069,0.029265,0
-0.026061,0.029265,0
-0.026054,0.029265,0
-0.026046,0.029265,0
-0.026038,0.029265,0
-0.026031,0.029266,0
-0.026023,0.029266,0
-0.026016,0.029266,0
-0.026008,0.029266,0
-0.026,0.029266,0
-0.025993,0.029266,0
-0.025985,0.029266,0
-0.025978,0.029266,0
-0.02597,0.029266,0
-0.025962,0.029266,0
-0.025955,0.029266,0
-0.025947,0.029266,0
-0.02594,0.029266,0
-0.025932,0.029266,0
-0.025924,0.029266,0
-0.025917,0.029266,0
-0.025909,0.029266,0
-0.025902,0.029266,0
-0.025894,0.029266,0
-0.025886,0.029266,0
-0.025879,0.029266,0
-0.025871,0.029266,0
-0.025864,0.029266,0
-0.025856,0.029266,0
-0.025849,0.029266,0
-0.025841,0.029266,0
-0.025833,0.029266,0
-0.025826,0.029266,0
-0.025818,0.029266,0
-0.025811,0.029266,0
-0.025803,0.029266,0
-0.025795,0.029265,0
-0.025788,0.029265,0
-0.02578,0.029265,0
-0.025773,0.029265,0
-0.025765,0.029265,0
-0.025758,0.029265,0
-0.02575,0.029265,0
-0.025742,0.029265,0
-0.025735,0.029265,0
-0.025727,0.029264,0
-0.02572,0.029264,0
-0.025712,0.029264,0
-0.025705,0.029264,0
-0.025697,0.029264,0
-0.025689,0.029264,0
-0.025682,0.029263,0
-0.025674,0.029263,0
-0.025667,0.029263,0
-0.025659,0.029263,0
-0.025652,0.029263,0
-0.025644,0.029262,0
-0.025636,0.029262,0
-0.025629,0.029262,0
-0.025621,0.029262,0
-0.025614,0.029261,0
-0.025606,0.029261,0
-0.025599,0.029261,0
-0.025591,0.029261,0
-0.025583,0.02926,0
-0.025576,0.02926,0
-0.025568,0.02926,0
-0.025561,0.02926,0
-0.025553,0.029259,0
-0.025546,0.029259,0
-0.025538,0.029259,0
-0.025531,0.029258,0
-0.025523,0.029258,0
-0.025515,0.029258,0
-0.025508,0.029258,0
-0.0255,0.029257,0
-0.025493,0.029257,0
-0.025485,0.029257,0
-0.025478,0.029256,0
-0.02547,0.029256,0
-0.025463,0.029256,0
-0.025455,0.029255,0
-0.025448,0.029255,0
-0.02544,0.029254,0
-0.025432,0.029254,0
-0.025425,0.029254,0
-0.025417,0.029253,0
-0.02541,0.029253,0
-0.025402,0.029252,0
-0.025395,0.029252,0
-0.025387,0.029252,0
-0.02538,0.029251,0
-0.025372,0.029251,0
-0.025365,0.02925,0
-0.025357,0.02925,0
-0.02535,0.029249,0
-0.025342,0.029249,0
-0.025334,0.029249,0
-0.025327,0.029248,0
-0.025319,0.029248,0
-0.025312,0.029247,0
-0.025304,0.029247,0
-0.025297,0.029246,0
-0.025289,0.029246,0
-0.025282,0.029245,0
-0.025274,0.029245,0
-0.025267,0.029244,0
-0.025259,0.029244,0
-0.025252,0.029243,0
-0.025244,0.029243,0
-0.025237,0.029242,0
-0.025229,0.029242,0
-0.025222,0.029241,0
-0.025214,0.029241,0
-0.025207,0.02924,0
-0.025199,0.029239,0
-0.025192,0.029239,0
-0.025184,0.029238,0
-0.025177,0.029238,0
-0.025169,0.029237,0
-0.025162,0.029236,0
-0.025154,0.029236,0
-0.025147,0.029235,0
-0.025139,0.029235,0
-0.025132,0.029234,0
-0.025124,0.029233,0
-0.025117,0.029233,0
-0.025109,0.029232,0
-0.025102,0.029232,0
-0.025094,0.029231,0
-0.025087,0.02923,0
-0.025079,0.02923,0
-0.025072,0.029229,0
-0.025064,0.029228,0
-0.025057,0.029228,0
-0.025049,0.029227,0
-0.025042,0.029226,0
-0.025034,0.029226,0
-0.025027,0.029225,0
-0.025019,0.029224,0
-0.025012,0.029223,0
-0.025004,0.029223,0
-0.024997,0.029222,0
-0.024989,0.029221,0
-0.024982,0.029221,0
-0.024974,0.02922,0
-0.024967,0.029219,0
-0.024959,0.029218,0
-0.024952,0.029218,0
-0.024944,0.029217,0
-0.024937,0.029216,0
-0.024929,0.029215,0
-0.024922,0.029214,0
-0.024915,0.029214,0
-0.024907,0.029213,0
-0.0249,0.029212,0
-0.024892,0.029211,0
-0.024885,0.02921,0
-0.024877,0.02921,0
-0.02487,0.029209,0
-0.024862,0.029208,0
-0.024855,0.029207,0
-0.024847,0.029206,0
-0.02484,0.029206,0
-0.024832,0.029205,0
-0.024825,0.029204,0
-0.024818,0.029203,0
-0.02481,0.029202,0
-0.024803,0.029201,0
-0.024795,0.0292,0
-0.024788,0.029199,0
-0.02478,0.029199,0
-0.024773,0.029198,0
-0.024765,0.029197,0
-0.024758,0.029196,0
-0.024751,0.029195,0
-0.024743,0.029194,0
-0.024736,0.029193,0
-0.024728,0.029192,0
-0.024721,0.029191,0
-0.024713,0.02919,0
-0.024706,0.029189,0
-0.024699,0.029188,0
-0.024691,0.029187,0
-0.024684,0.029186,0
-0.024676,0.029185,0
-0.024669,0.029184,0
-0.024661,0.029184,0
-0.024654,0.029183,0
-0.024647,0.029182,0
-0.024639,0.029181,0
-0.024632,0.02918,0
-0.024624,0.029179,0
-0.024617,0.029177,0
-0.02461,0.029176,0
-0.024602,0.029175,0
-0.024595,0.029174,0
-0.024587,0.029173,0
-0.02458,0.029172,0
-0.024573,0.029171,0
-0.024565,0.02917,0
-0.024558,0.029169,0
-0.02455,0.029168,0
-0.024543,0.029167,0
-0.024536,0.029166,0
-0.024528,0.029165,0
-0.024521,0.029164,0
-0.024513,0.029163,0
-0.024506,0.029162,0
-0.024499,0.02916,0
-0.024491,0.029159,0
-0.024484,0.029158,0
-0.024476,0.029157,0
-0.024469,0.029156,0
-0.024462,0.029155,0
-0.024454,0.029154,0
-0.024447,0.029152,0
-0.02444,0.029151,0
-0.024432,0.02915,0
-0.024425,0.029149,0
-0.024417,0.029148,0
-0.02441,0.029147,0
-0.024403,0.029145,0
-0.024395,0.029144,0
-0.024388,0.029143,0
-0.024381,0.029142,0
-0.024373,0.029141,0
-0.024366,0.029139,0
-0.024359,0.029138,0
-0.024351,0.029137,0
-0.024344,0.029136,0
-0.024336,0.029134,0
-0.024329,0.029133,0
-0.024322,0.029132,0
-0.024314,0.029131,0
-0.024307,0.029129,0
-0.0243,0.029128,0
-0.024292,0.029127,0
-0.024285,0.029126,0
-0.024278,0.029124,0
-0.02427,0.029123,0
-0.024263,0.029122,0
-0.024256,0.02912,0
-0.024248,0.029119,0
-0.024241,0.029118,0
-0.024234,0.029116,0
-0.024226,0.029115,0
-0.024219,0.029114,0
-0.024212,0.029113,0
-0.024204,0.029111,0
-0.024197,0.02911,0
-0.02419,0.029108,0
-0.024182,0.029107,0
-0.024175,0.029106,0
-0.024168,0.029104,0
-0.02416,0.029103,0
-0.024153,0.029102,0
-0.024146,0.0291,0
-0.024139,0.029099,0
-0.024131,0.029097,0
-0.024124,0.029096,0
-0.024117,0.029095,0
-0.024109,0.029093,0
-0.024102,0.029092,0
-0.024095,0.02909,0
-0.024087,0.029089,0
-0.02408,0.029087,0
-0.024073,0.029086,0
-0.024066,0.029085,0
-0.024058,0.029083,0
-0.024051,0.029082,0
-0.024044,0.02908,0
-0.024036,0.029079,0
-0.024029,0.029077,0
-0.024022,0.029076,0
-0.024015,0.029074,0
-0.024007,0.029073,0
-0.024,0.029071,0
-0.023993,0.02907,0
-0.023985,0.029068,0
-0.023978,0.029067,0
-0.023971,0.029065,0
-0.023964,0.029064,0
-0.023956,0.029062,0
-0.023949,0.029061,0
-0.023942,0.029059,0
-0.023935,0.029057,0
-0.023927,0.029056,0
-0.02392,0.029054,0
-0.023913,0.029053,0
-0.023906,0.029051,0
-0.023898,0.02905,0
-0.023891,0.029048,0
-0.023884,0.029046,0
-0.023877,0.029045,0
-0.023869,0.029043,0
-0.023862,0.029042,0
-0.023855,0.02904,0
-0.023848,0.029038,0
-0.02384,0.029037,0
-0.023833,0.029035,0
-0.023826,0.029033,0
-0.023819,0.029032,0
-0.023812,0.02903,0
-0.023804,0.029028,0
-0.023797,0.029027,0
-0.02379,0.029025,0
-0.023783,0.029023,0
-0.023775,0.029022,0
-0.023768,0.02902,0
-0.023761,0.029018,0
-0.023754,0.029017,0
-0.023747,0.029015,0
-0.023739,0.029013,0
-0.023732,0.029012,0
-0.023725,0.02901,0
-0.023718,0.029008,0
-0.023711,0.029006,0
-0.023703,0.029005,0
-0.023696,0.029003,0
-0.023689,0.029001,0
-0.023682,0.028999,0
-0.023675,0.028998,0
-0.023667,0.028996,0
-0.02366,0.028994,0
-0.023653,0.028992,0
-0.023646,0.028991,0
-0.023639,0.028989,0
-0.023632,0.028987,0
-0.023624,0.028985,0
-0.023617,0.028983,0
-0.02361,0.028982,0
-0.023603,0.02898,0
-0.023596,0.028978,0
-0.023589,0.028976,0
-0.023581,0.028974,0
-0.023574,0.028972,0
-0.023567,0.028971,0
-0.02356,0.028969,0
-0.023553,0.028967,0
-0.023546,0.028965,0
-0.023539,0.028963,0
-0.023531,0.028961,0
-0.023524,0.028959,0
-0.023517,0.028957,0
-0.02351,0.028956,0
-0.023503,0.028954,0
-0.023496,0.028952,0
-0.023489,0.02895,0
-0.023481,0.028948,0
-0.023474,0.028946,0
-0.023467,0.028944,0
-0.02346,0.028942,0
-0.023453,0.02894,0
-0.023446,0.028938,0
-0.023439,0.028936,0
-0.023432,0.028934,0
-0.023424,0.028932,0
-0.023417,0.028931,0
-0.02341,0.028929,0
-0.023403,0.028927,0
-0.023396,0.028925,0
-0.023389,0.028923,0
-0.023382,0.028921,0
-0.023375,0.028919,0
-0.023368,0.028917,0
-0.023361,0.028915,0
-0.023353,0.028913,0
-0.023346,0.028911,0
-0.023339,0.028909,0
-0.023332,0.028907,0
-0.023325,0.028905,0
-0.023318,0.028902,0
-0.023311,0.0289,0
-0.023304,0.028898,0
-0.023297,0.028896,0
-0.02329,0.028894,0
-0.023283,0.028892,0
-0.023276,0.02889,0
-0.023269,0.028888,0
-0.023261,0.028886,0
-0.023254,0.028884,0
-0.023247,0.028882,0
-0.02324,0.02888,0
-0.023233,0.028878,0
-0.023226,0.028875,0
-0.023219,0.028873,0
-0.023212,0.028871,0
-0.023205,0.028869,0
-0.023198,0.028867,0
-0.023191,0.028865,0
-0.023184,0.028863,0
-0.023177,0.02886,0
-0.02317,0.028858,0
-0.023163,0.028856,0
-0.023156,0.028854,0
-0.023149,0.028852,0
-0.023142,0.02885,0
-0.023135,0.028847,0
-0.023128,0.028845,0
-0.023121,0.028843,0
-0.023114,0.028841,0
-0.023107,0.028839,0
-0.0231,0.028836,0
-0.023093,0.028834,0
-0.023086,0.028832,0
-0.023079,0.02883,0
-0.023072,0.028828,0
-0.023065,0.028825,0
-0.023058,0.028823,0
-0.023051,0.028821,0
-0.023044,0.028819,0
-0.023037,0.028816,0
-0.02303,0.028814,0
-0.023023,0.028812,0
-0.023016,0.028809,0
-0.023009,0.028807,0
-0.023002,0.028805,0
-0.022995,0.028803,0
-0.022988,0.0288,0
-0.022981,0.028798,0
-0.022974,0.028796,0
-0.022967,0.028793,0
-0.02296,0.028791,0
-0.022953,0.028789,0
-0.022946,0.028786,0
-0.022939,0.028784,0
-0.022932,0.028782,0
-0.022925,0.028779,0
-0.022918,0.028777,0
-0.022911,0.028775,0
-0.022904,0.028772,0
-0.022898,0.02877,0
-0.022891,0.028768,0
-0.022884,0.028765,0
-0.022877,0.028763,0
-0.02287,0.02876,0
-0.022863,0.028758,0
-0.022856,0.028756,0
-0.022849,0.028753,0
-0.022842,0.028751,0
-0.022835,0.028748,0
-0.022828,0.028746,0
-0.022821,0.028743,0
-0.022815,0.028741,0
-0.022808,0.028739,0
-0.022801,0.028736,0
-0.022794,0.028734,0
-0.022787,0.028731,0
-0.02278,0.028729,0
-0.022773,0.028726,0
-0.022766,0.028724,0
-0.022759,0.028721,0
-0.022752,0.028719,0
-0.022746,0.028716,0
-0.022739,0.028714,0
-0.022732,0.028711,0
-0.022725,0.028709,0
-0.022718,0.028706,0
-0.022711,0.028704,0
-0.022704,0.028701,0
-0.022698,0.028699,0
-0.022691,0.028696,0
-0.022684,0.028694,0
-0.022677,0.028691,0
-0.02267,0.028689,0
-0.022663,0.028686,0
-0.022656,0.028684,0
-0.02265,0.028681,0
-0.022643,0.028678,0
-0.022636,0.028676,0
-0.022629,0.028673,0
-0.022622,0.028671,0
-0.022615,0.028668,0
-0.022609,0.028665,0
-0.022602,0.028663,0
-0.022595,0.02866,0
-0.022588,0.028658,0
-0.022581,0.028655,0
-0.022574,0.028652,0
-0.022568,0.02865,0
-0.022561,0.028647,0
-0.022554,0.028644,0
-0.022547,0.028642,0
-0.02254,0.028639,0
-0.022534,0.028637,0
-0.022527,0.028634,0
-0.02252,0.028631,0
-0.022513,0.028629,0
-0.022506,0.028626,0
-0.0225,0.028623,0
-0.022493,0.02862,0
-0.022486,0.028618,0
-0.022479,0.028615,0
-0.022473,0.028612,0
-0.022466,0.02861,0
-0.022459,0.028607,0
-0.022452,0.028604,0
-0.022446,0.028601,0
-0.022439,0.028599,0
-0.022432,0.028596,0
-0.022425,0.028593,0
-0.022418,0.028591,0
-0.022412,0.028588,0
-0.022405,0.028585,0
-0.022398,0.028582,0
-0.022392,0.028579,0
-0.022385,0.028577,0
-0.022378,0.028574,0
-0.022371,0.028571,0
-0.022365,0.028568,0
-0.022358,0.028566,0
-0.022351,0.028563,0
-0.022344,0.02856,0
-0.022338,0.028557,0
-0.022331,0.028554,0
-0.022324,0.028552,0
-0.022318,0.028549,0
-0.022311,0.028546,0
-0.022304,0.028543,0
-0.022297,0.02854,0
-0.022291,0.028537,0
-0.022284,0.028534,0
-0.022277,0.028532,0
-0.022271,0.028529,0
-0.022264,0.028526,0
-0.022257,0.028523,0
-0.022251,0.02852,0
-0.022244,0.028517,0
-0.022237,0.028514,0
-0.022231,0.028511,0
-0.022224,0.028509,0
-0.022217,0.028506,0
-0.022211,0.028503,0
-0.022204,0.0285,0
-0.022197,0.028497,0
-0.022191,0.028494,0
-0.022184,0.028491,0
-0.022177,0.028488,0
-0.022171,0.028485,0
-0.022164,0.028482,0
-0.022157,0.028479,0
-0.022151,0.028476,0
-0.022144,0.028473,0
-0.022138,0.02847,0
-0.022131,0.028467,0
-0.022124,0.028464,0
-0.022118,0.028461,0
-0.022111,0.028458,0
-0.022104,0.028455,0
-0.022098,0.028452,0
-0.022091,0.028449,0
-0.022085,0.028446,0
-0.022078,0.028443,0
-0.022071,0.02844,0
-0.022065,0.028437,0
-0.022058,0.028434,0
-0.022052,0.028431,0
-0.022045,0.028428,0
-0.022039,0.028425,0
-0.022032,0.028422,0
-0.022025,0.028419,0
-0.022019,0.028416,0
-0.022012,0.028413,0
-0.022006,0.02841,0
-0.021999,0.028407,0
-0.021993,0.028404,0
-0.021986,0.028401,0
-0.021979,0.028398,0
-0.021973,0.028394,0
-0.021966,0.028391,0
-0.02196,0.028388,0
-0.021953,0.028385,0
-0.021947,0.028382,0
-0.02194,0.028379,0
-0.021934,0.028376,0
-0.021927,0.028373,0
-0.021921,0.028369,0
-0.021914,0.028366,0
-0.021908,0.028363,0
-0.021901,0.02836,0
-0.021894,0.028357,0
-0.021888,0.028354,0
-0.021881,0.028351,0
-0.021875,0.028347,0
-0.021868,0.028344,0
-0.021862,0.028341,0
-0.021855,0.028338,0
-0.021849,0.028335,0
-0.021842,0.028331,0
-0.021836,0.028328,0
-0.021829,0.028325,0
-0.021823,0.028322,0
-0.021817,0.028319,0
-0.02181,0.028315,0
-0.021804,0.028312,0
-0.021797,0.028309,0
-0.021791,0.028306,0
-0.021784,0.028302,0
-0.021778,0.028299,0
-0.021771,0.028296,0
-0.021765,0.028293,0
-0.021758,0.028289,0
-0.021752,0.028286,0
-0.021745,0.028283,0
-0.021739,0.02828,0
-0.021733,0.028276,0
-0.021726,0.028273,0
-0.02172,0.02827,0
-0.021713,0.028266,0
-0.021707,0.028263,0
-0.0217,0.02826,0
-0.021694,0.028256,0
-0.021688,0.028253,0
-0.021681,0.02825,0
-0.021675,0.028246,0
-0.021668,0.028243,0
-0.021662,0.02824,0
-0.021656,0.028236,0
-0.021649,0.028233,0
-0.021643,0.02823,0
-0.021636,0.028226,0
-0.02163,0.028223,0
-0.021624,0.02822,0
-0.021617,0.028216,0
-0.021611,0.028213,0
-0.021605,0.028209,0
-0.021598,0.028206,0
-0.021592,0.028203,0
-0.021586,0.028199,0
-0.021579,0.028196,0
-0.021573,0.028192,0
-0.021566,0.028189,0
-0.02156,0.028186,0
-0.021554,0.028182,0
-0.021547,0.028179,0
-0.021541,0.028175,0
-0.021535,0.028172,0
-0.021528,0.028168,0
-0.021522,0.028165,0
-0.021516,0.028161,0
-0.021509,0.028158,0
-0.021503,0.028155,0
-0.021497,0.028151,0
-0.021491,0.028148,0
-0.021484,0.028144,0
-0.021478,0.028141,0
-0.021472,0.028137,0
-0.021465,0.028134,0
-0.021459,0.02813,0
-0.021453,0.028127,0
-0.021446,0.028123,0
-0.02144,0.02812,0
-0.021434,0.028116,0
-0.021428,0.028113,0
-0.021421,0.028109,0
-0.021415,0.028105,0
-0.021409,0.028102,0
-0.021403,0.028098,0
-0.021396,0.028095,0
-0.02139,0.028091,0
-0.021384,0.028088,0
-0.021378,0.028084,0
-0.021371,0.028081,0
-0.021365,0.028077,0
-0.021359,0.028073,0
-0.021353,0.02807,0
-0.021346,0.028066,0
-0.02134,0.028063,0
-0.021334,0.028059,0
-0.021328,0.028055,0
-0.021321,0.028052,0
-0.021315,0.028048,0
-0.021309,0.028045,0
-0.021303,0.028041,0
-0.021297,0.028037,0
-0.02129,0.028034,0
-0.021284,0.02803,0
-0.021278,0.028026,0
-0.021272,0.028023,0
-0.021266,0.028019,0
-0.021259,0.028015,0
-0.021253,0.028012,0
-0.021247,0.028008,0
-0.021241,0.028004,0
-0.021235,0.028001,0
-0.021229,0.027997,0
-0.021222,0.027993,0
-0.021216,0.02799,0
-0.02121,0.027986,0
-0.021204,0.027982,0
-0.021198,0.027979,0
-0.021192,0.027975,0
-0.021186,0.027971,0
-0.021179,0.027967,0
-0.021173,0.027964,0
-0.021167,0.02796,0
-0.021161,0.027956,0
-0.021155,0.027953,0
-0.021149,0.027949,0
-0.021143,0.027945,0
-0.021137,0.027941,0
-0.02113,0.027938,0
-0.021124,0.027934,0
-0.021118,0.02793,0
-0.021112,0.027926,0
-0.021106,0.027922,0
-0.0211,0.027919,0
-0.021094,0.027915,0
-0.021088,0.027911,0
-0.021082,0.027907,0
-0.021076,0.027903,0
-0.02107,0.0279,0
-0.021064,0.027896,0
-0.021057,0.027892,0
-0.021051,0.027888,0
-0.021045,0.027884,0
-0.021039,0.027881,0
-0.021033,0.027877,0
-0.021027,0.027873,0
-0.021021,0.027869,0
-0.021015,0.027865,0
-0.021009,0.027861,0
-0.021003,0.027857,0
-0.020997,0.027854,0
-0.020991,0.02785,0
-0.020985,0.027846,0
-0.020979,0.027842,0
-0.020973,0.027838,0
-0.020967,0.027834,0
-0.020961,0.02783,0
-0.020955,0.027826,0
-0.020949,0.027822,0
-0.020943,0.027819,0
-0.020937,0.027815,0
-0.020931,0.027811,0
-0.020925,0.027807,0
-0.020919,0.027803,0
-0.020913,0.027799,0
-0.020907,0.027795,0
-0.020901,0.027791,0
-0.020895,0.027787,0
-0.020889,0.027783,0
-0.020883,0.027779,0
-0.020877,0.027775,0
-0.020871,0.027771,0
-0.020865,0.027767,0
-0.020859,0.027763,0
-0.020853,0.027759,0
-0.020848,0.027755,0
-0.020842,0.027751,0
-0.020836,0.027747,0
-0.02083,0.027743,0
-0.020824,0.027739,0
-0.020818,0.027735,0
-0.020812,0.027731,0
-0.020806,0.027727,0
-0.0208,0.027723,0
-0.020794,0.027719,0
-0.020788,0.027715,0
-0.020783,0.027711,0
-0.020777,0.027707,0
-0.020771,0.027703,0
-0.020765,0.027699,0
-0.020759,0.027695,0
-0.020753,0.027691,0
-0.020747,0.027687,0
-0.020741,0.027683,0
-0.020736,0.027679,0
-0.02073,0.027675,0
-0.020724,0.027671,0
-0.020718,0.027667,0
-0.020712,0.027663,0
-0.020706,0.027658,0
-0.0207,0.027654,0
-0.020695,0.02765,0
-0.020689,0.027646,0
-0.020683,0.027642,0
-0.020677,0.027638,0
-0.020671,0.027634,0
-0.020666,0.02763,0
-0.02066,0.027626,0
-0.020654,0.027621,0
-0.020648,0.027617,0
-0.020642,0.027613,0
-0.020637,0.027609,0
-0.020631,0.027605,0
-0.020625,0.027601,0
-0.020619,0.027596,0
-0.020613,0.027592,0
-0.020608,0.027588,0
-0.020602,0.027584,0
-0.020596,0.02758,0
-0.02059,0.027576,0
-0.020585,0.027571,0
-0.020579,0.027567,0
-0.020573,0.027563,0
-0.020567,0.027559,0
-0.020562,0.027555,0
-0.020556,0.02755,0
-0.02055,0.027546,0
-0.020544,0.027542,0
-0.020539,0.027538,0
-0.020533,0.027533,0
-0.020527,0.027529,0
-0.020521,0.027525,0
-0.020516,0.027521,0
-0.02051,0.027517,0
-0.020504,0.027512,0
-0.020499,0.027508,0
-0.020493,0.027504,0
-0.020487,0.027499,0
-0.020482,0.027495,0
-0.020476,0.027491,0
-0.02047,0.027487,0
-0.020465,0.027482,0
-0.020459,0.027478,0
-0.020453,0.027474,0
-0.020448,0.027469,0
-0.020442,0.027465,0
-0.020436,0.027461,0
-0.020431,0.027457,0
-0.020425,0.027452,0
-0.020419,0.027448,0
-0.020414,0.027444,0
-0.020408,0.027439,0
-0.020402,0.027435,0
-0.020397,0.027431,0
-0.020391,0.027426,0
-0.020385,0.027422,0
-0.02038,0.027418,0
-0.020374,0.027413,0
-0.020369,0.027409,0
-0.020363,0.027404,0
-0.020357,0.0274,0
-0.020352,0.027396,0
-0.020346,0.027391,0
-0.020341,0.027387,0
-0.020335,0.027383,0
-0.020329,0.027378,0
-0.020324,0.027374,0
-0.020318,0.027369,0
-0.020313,0.027365,0
-0.020307,0.027361,0
-0.020302,0.027356,0
-0.020296,0.027352,0
-0.020291,0.027347,0
-0.020285,0.027343,0
-0.020279,0.027338,0
-0.020274,0.027334,0
-0.020268,0.02733,0
-0.020263,0.027325,0
-0.020257,0.027321,0
-0.020252,0.027316,0
-0.020246,0.027312,0
-0.020241,0.027307,0
-0.020235,0.027303,0
-0.02023,0.027298,0
-0.020224,0.027294,0
-0.020219,0.027289,0
-0.020213,0.027285,0
-0.020208,0.027281,0
-0.020202,0.027276,0
-0.020197,0.027272,0
-0.020191,0.027267,0
-0.020186,0.027263,0
-0.02018,0.027258,0
-0.020175,0.027254,0
-0.02017,0.027249,0
-0.020164,0.027244,0
-0.020159,0.02724,0
-0.020153,0.027235,0
-0.020148,0.027231,0
-0.020142,0.027226,0
-0.020137,0.027222,0
-0.020131,0.027217,0
-0.020126,0.027213,0
-0.020121,0.027208,0
-0.020115,0.027204,0
-0.02011,0.027199,0
-0.020104,0.027194,0
-0.020099,0.02719,0
-0.020083,0.027172,0
-0.020067,0.027156,0
-0.020051,0.027141,0
-0.020035,0.027126,0
-0.020018,0.027111,0
-0.020002,0.027095,0
-0.019986,0.02708,0
-0.01997,0.027065,0
-0.019954,0.02705,0
-0.019938,0.027034,0
-0.019922,0.027019,0
-0.019906,0.027004,0
-0.01989,0.026988,0
-0.019874,0.026973,0
-0.019858,0.026958,0
-0.019841,0.026943,0
-0.019825,0.026927,0
-0.019809,0.026912,0
-0.019793,0.026897,0
-0.019777,0.026882,0
-0.019761,0.026866,0
-0.019745,0.026851,0
-0.019729,0.026836,0
-0.019713,0.026821,0
-0.019697,0.026805,0
-0.019681,0.02679,0
-0.019664,0.026775,0
-0.019648,0.026759,0
-0.019632,0.026744,0
-0.019616,0.026729,0
-0.0196,0.026714,0
-0.019584,0.026698,0
-0.019568,0.026683,0
-0.019552,0.026668,0
-0.019536,0.026653,0
-0.01952,0.026637,0
-0.019503,0.026622,0
-0.019487,0.026607,0
-0.019471,0.026592,0
-0.019455,0.026576,0
-0.019439,0.026561,0
-0.019423,0.026546,0
-0.019407,0.02653,0
-0.019391,0.026515,0
-0.019375,0.0265,0
-0.019359,0.026485,0
-0.019343,0.026469,0
-0.019326,0.026454,0
-0.01931,0.026439,0
-0.019294,0.026424,0
-0.019278,0.026408,0
-0.019262,0.026393,0
-0.019246,0.026378,0
-0.01923,0.026363,0
-0.019214,0.026347,0
-0.019198,0.026332,0
-0.019182,0.026317,0
-0.019166,0.026301,0
-0.019149,0.026286,0
-0.019133,0.026271,0
-0.019117,0.026256,0
-0.019101,0.02624,0
-0.019085,0.026225,0
-0.019069,0.02621,0
-0.019053,0.026195,0
-0.019037,0.026179,0
-0.019021,0.026164,0
-0.019005,0.026149,0
-0.018988,0.026134,0
-0.018972,0.026118,0
-0.018956,0.026103,0
-0.01894,0.026088,0
-0.018924,0.026072,0
-0.018908,0.026057,0
-0.018892,0.026042,0
-0.018876,0.026027,0
-0.01886,0.026011,0
-0.018844,0.025996,0
-0.018828,0.025981,0
-0.018811,0.025966,0
-0.018795,0.02595,0
-0.018779,0.025935,0
-0.018763,0.02592,0
-0.018747,0.025905,0
-0.018731,0.025889,0
-0.018715,0.025874,0
-0.018699,0.025859,0
-0.018683,0.025843,0
-0.018667,0.025828,0
-0.018651,0.025813,0
-0.018634,0.025798,0
-0.018618,0.025782,0
-0.018602,0.025767,0
-0.018586,0.025752,0
-0.01857,0.025737,0
-0.018554,0.025721,0
-0.018538,0.025706,0
-0.018522,0.025691,0
-0.018506,0.025676,0
-0.01849,0.02566,0
-0.018474,0.025645,0
-0.018457,0.02563,0
-0.018441,0.025615,0
-0.018425,0.025599,0
-0.018409,0.025584,0
-0.018393,0.025569,0
-0.018377,0.025553,0
-0.018361,0.025538,0
-0.018345,0.025523,0
-0.018329,0.025508,0
-0.018313,0.025492,0
-0.018296,0.025477,0
-0.01828,0.025462,0
-0.018264,0.025447,0
-0.018248,0.025431,0
-0.018232,0.025416,0
-0.018216,0.025401,0
-0.0182,0.025386,0
-0.018184,0.02537,0
-0.018168,0.025355,0
-0.018152,0.02534,0
-0.018136,0.025324,0
-0.018119,0.025309,0
-0.018103,0.025294,0
-0.018087,0.025279,0
-0.018071,0.025263,0
-0.018055,0.025248,0
-0.018039,0.025233,0
-0.018023,0.025218,0
-0.018007,0.025202,0
-0.017991,0.025187,0
-0.017975,0.025172,0
-0.017959,0.025157,0
-0.017942,0.025141,0
-0.017926,0.025126,0
-0.01791,0.025111,0
-0.017894,0.025095,0
-0.017878,0.02508,0
-0.017862,0.025065,0
-0.017846,0.02505,0
-0.01783,0.025034,0
-0.017814,0.025019,0
-0.017798,0.025004,0
-0.017781,0.024989,0
-0.017765,0.024973,0
-0.017749,0.024958,0
-0.017733,0.024943,0
-0.017717,0.024928,0
-0.017701,0.024912,0
-0.017685,0.024897,0
-0.017669,0.024882,0
-0.017653,0.024866,0
-0.017637,0.024851,0
-0.017621,0.024836,0
-0.017604,0.024821,0
-0.017588,0.024805,0
-0.017572,0.02479,0
-0.017556,0.024775,0
-0.01754,0.02476,0
-0.017524,0.024744,0
-0.017508,0.024729,0
-0.017492,0.024714,0
-0.017476,0.024699,0
-0.01746,0.024683,0
-0.017444,0.024668,0
-0.017427,0.024653,0
-0.017411,0.024637,0
-0.017395,0.024622,0
-0.017379,0.024607,0
-0.017363,0.024592,0
-0.017347,0.024576,0
-0.017331,0.024561,0
-0.017315,0.024546,0
-0.017299,0.024531,0
-0.017283,0.024515,0
-0.017266,0.0245,0
-0.01725,0.024485,0
-0.017234,0.02447,0
-0.017218,0.024454,0
-0.017202,0.024439,0
-0.017186,0.024424,0
-0.01717,0.024408,0
-0.017154,0.024393,0
-0.017138,0.024378,0
-0.017122,0.024363,0
-0.017106,0.024347,0
-0.017089,0.024332,0
-0.017073,0.024317,0
-0.017057,0.024302,0
-0.017041,0.024286,0
-0.017025,0.024271,0
-0.017009,0.024256,0
-0.016993,0.024241,0
-0.016977,0.024225,0
-0.016961,0.02421,0
-0.016945,0.024195,0
-0.016929,0.024179,0
-0.016912,0.024164,0
-0.016896,0.024149,0
-0.01688,0.024134,0
-0.016864,0.024118,0
-0.016848,0.024103,0
-0.016832,0.024088,0
-0.016816,0.024073,0
-0.0168,0.024057,0
-0.016784,0.024042,0
-0.016768,0.024027,0
-0.016751,0.024012,0
-0.016735,0.023996,0
-0.016719,0.023981,0
-0.016703,0.023966,0
-0.016687,0.02395,0
-0.016671,0.023935,0
-0.016655,0.02392,0
-0.016639,0.023905,0
-0.016623,0.023889,0
-0.016607,0.023874,0
-0.016591,0.023859,0
-0.016574,0.023844,0
-0.016558,0.023828,0
-0.016542,0.023813,0
-0.016526,0.023798,0
-0.01651,0.023783,0
-0.016494,0.023767,0
-0.016478,0.023752,0
-0.016462,0.023737,0
-0.016446,0.023721,0
-0.01643,0.023706,0
-0.016414,0.023691,0
-0.016397,0.023676,0
-0.016381,0.02366,0
-0.016365,0.023645,0
-0.016349,0.02363,0
-0.016333,0.023615,0
-0.016317,0.023599,0
-0.016301,0.023584,0
-0.016285,0.023569,0
-0.016269,0.023554,0
-0.016253,0.023538,0
-0.016237,0.023523,0
-0.01622,0.023508,0
-0.016204,0.023492,0
-0.016188,0.023477,0
-0.016172,0.023462,0
-0.016156,0.023447,0
-0.01614,0.023431,0
-0.016124,0.023416,0
-0.016108,0.023401,0
-0.016092,0.023386,0
-0.016076,0.02337,0
-0.016059,0.023355,0
-0.016043,0.02334,0
-0.016027,0.023325,0
-0.016011,0.023309,0
-0.015995,0.023294,0
-0.015979,0.023279,0
-0.015963,0.023263,0
-0.015947,0.023248,0
-0.015931,0.023233,0
-0.015915,0.023218,0
-0.015899,0.023202,0
-0.015882,0.023187,0
-0.015866,0.023172,0
-0.01585,0.023157,0
-0.015834,0.023141,0
-0.015818,0.023126,0
-0.015802,0.023111,0
-0.015786,0.023096,0
-0.01577,0.02308,0
-0.015754,0.023065,0
-0.015738,0.02305,0
-0.015722,0.023034,0
-0.015705,0.023019,0
-0.015689,0.023004,0
-0.015673,0.022989,0
-0.015657,0.022973,0
-0.015641,0.022958,0
-0.015625,0.022943,0
-0.015609,0.022928,0
-0.015593,0.022912,0
-0.015577,0.022897,0
-0.015561,0.022882,0
-0.015544,0.022867,0
-0.015528,0.022851,0
-0.015512,0.022836,0
-0.015496,0.022821,0
-0.01548,0.022805,0
-0.015464,0.02279,0
-0.015448,0.022775,0
-0.015432,0.02276,0
-0.015416,0.022744,0
-0.0154,0.022729,0
-0.015384,0.022714,0
-0.015367,0.022699,0
-0.015351,0.022683,0
-0.015335,0.022668,0
-0.015319,0.022653,0
-0.015303,0.022638,0
-0.015287,0.022622,0
-0.015271,0.022607,0
-0.015255,0.022592,0
-0.015239,0.022576,0
-0.015223,0.022561,0
-0.015207,0.022546,0
-0.01519,0.022531,0
-0.015174,0.022515,0
-0.015158,0.0225,0
-0.015142,0.022485,0
-0.015126,0.02247,0
-0.01511,0.022454,0
-0.015094,0.022439,0
-0.015078,0.022424,0
-0.015062,0.022409,0
-0.015046,0.022393,0
-0.015029,0.022378,0
-0.015013,0.022363,0
-0.014997,0.022347,0
-0.014981,0.022332,0
-0.014965,0.022317,0
-0.014949,0.022302,0
-0.014933,0.022286,0
-0.014917,0.022271,0
-0.014901,0.022256,0
-0.014885,0.022241,0
-0.014869,0.022225,0
-0.014852,0.02221,0
-0.014836,0.022195,0
-0.01482,0.02218,0
-0.014804,0.022164,0
-0.014788,0.022149,0
-0.014772,0.022134,0
-0.014756,0.022118,0
-0.01474,0.022103,0
-0.014724,0.022088,0
-0.014708,0.022073,0
-0.014692,0.022057,0
-0.014675,0.022042,0
-0.014659,0.022027,0
-0.014643,0.022012,0
-0.014627,0.021996,0
-0.014611,0.021981,0
-0.014595,0.021966,0
-0.014579,0.021951,0
-0.014563,0.021935,0
-0.014547,0.02192,0
-0.014531,0.021905,0
-0.014514,0.021889,0
-0.014498,0.021874,0
-0.014482,0.021859,0
-0.014466,0.021844,0
-0.01445,0.021828,0
-0.014434,0.021813,0
-0.014418,0.021798,0
-0.014402,0.021783,0
-0.014386,0.021767,0
-0.01437,0.021752,0
-0.014354,0.021737,0
-0.014337,0.021722,0
-0.014321,0.021706,0
-0.014305,0.021691,0
-0.014289,0.021676,0
-0.014273,0.02166,0
-0.014257,0.021645,0
-0.014241,0.02163,0
-0.014225,0.021615,0
-0.014209,0.021599,0
-0.014193,0.021584,0
-0.014177,0.021569,0
-0.01416,0.021554,0
-0.014144,0.021538,0
-0.014128,0.021523,0
-0.014112,0.021508,0
-0.014096,0.021493,0
-0.01408,0.021477,0
-0.014064,0.021462,0
-0.014048,0.021447,0
-0.014032,0.021432,0
-0.014016,0.021416,0
-0.014,0.021401,0
-0.013983,0.021386,0
-0.013967,0.02137,0
-0.013951,0.021355,0
-0.013935,0.02134,0
-0.013919,0.021325,0
-0.013903,0.021309,0
-0.013887,0.021294,0
-0.013871,0.021279,0
-0.013855,0.021264,0
-0.013839,0.021248,0
-0.013822,0.021233,0
-0.013806,0.021218,0
-0.01379,0.021203,0
-0.013774,0.021187,0
-0.013758,0.021172,0
-0.013742,0.021157,0
-0.013726,0.021141,0
-0.01371,0.021126,0
-0.013694,0.021111,0
-0.013678,0.021096,0
-0.013662,0.02108,0
-0.013645,0.021065,0
-0.013629,0.02105,0
-0.013613,0.021035,0
-0.013597,0.021019,0
-0.013581,0.021004,0
-0.013565,0.020989,0
-0.013549,0.020974,0
-0.013533,0.020958,0
-0.013517,0.020943,0
-0.013501,0.020928,0
-0.013485,0.020912,0
-0.013468,0.020897,0
-0.013452,0.020882,0
-0.013436,0.020867,0
-0.01342,0.020851,0
-0.013404,0.020836,0
-0.013388,0.020821,0
-0.013372,0.020806,0
-0.013356,0.02079,0
-0.01334,0.020775,0
-0.013324,0.02076,0
-0.013307,0.020745,0
-0.013291,0.020729,0
-0.013275,0.020714,0
-0.013259,0.020699,0
-0.013243,0.020683,0
-0.013227,0.020668,0
-0.013211,0.020653,0
-0.013195,0.020638,0
-0.013179,0.020622,0
-0.013163,0.020607,0
-0.013147,0.020592,0
-0.01313,0.020577,0
-0.013114,0.020561,0
-0.013098,0.020546,0
-0.013082,0.020531,0
-0.013066,0.020516,0
-0.01305,0.0205,0
-0.013034,0.020485,0
-0.013018,0.02047,0
-0.013002,0.020454,0
-0.012986,0.020439,0
-0.01297,0.020424,0
-0.012953,0.020409,0
-0.012937,0.020393,0
-0.012921,0.020378,0
-0.012905,0.020363,0
-0.012889,0.020348,0
-0.012873,0.020332,0
-0.012857,0.020317,0
-0.012841,0.020302,0
-0.012825,0.020287,0
-0.012809,0.020271,0
-0.012792,0.020256,0
-0.012776,0.020241,0
-0.01276,0.020225,0
-0.012744,0.02021,0
-0.012728,0.020195,0
-0.012712,0.02018,0
-0.012696,0.020164,0
-0.01268,0.020149,0
-0.012664,0.020134,0
-0.012648,0.020119,0
-0.012632,0.020103,0
-0.012615,0.020088,0
-0.012599,0.020073,0
-0.012583,0.020058,0
-0.012567,0.020042,0
-0.012551,0.020027,0
-0.012535,0.020012,0
-0.012519,0.019996,0
-0.012503,0.019981,0
-0.012487,0.019966,0
-0.012471,0.019951,0
-0.012455,0.019935,0
-0.012438,0.01992,0
-0.012422,0.019905,0
-0.012406,0.01989,0
-0.01239,0.019874,0
-0.012374,0.019859,0
-0.012358,0.019844,0
-0.012342,0.019829,0
-0.012326,0.019813,0
-0.01231,0.019798,0
-0.012294,0.019783,0
-0.012277,0.019767,0
-0.012261,0.019752,0
-0.012245,0.019737,0
-0.012229,0.019722,0
-0.012213,0.019706,0
-0.012197,0.019691,0
-0.012181,0.019676,0
-0.012165,0.019661,0
-0.012149,0.019645,0
-0.012133,0.01963,0
-0.012117,0.019615,0
-0.0121,0.0196,0
-0.012084,0.019584,0
-0.012068,0.019569,0
-0.012052,0.019554,0
-0.012036,0.019538,0
-0.01202,0.019523,0
-0.012004,0.019508,0
-0.011988,0.019493,0
-0.011972,0.019477,0
-0.011956,0.019462,0
-0.01194,0.019447,0
-0.011923,0.019432,0
-0.011907,0.019416,0
-0.011891,0.019401,0
-0.011875,0.019386,0
-0.011859,0.019371,0
-0.011843,0.019355,0
-0.011827,0.01934,0
-0.011811,0.019325,0
-0.011795,0.019309,0
-0.011779,0.019294,0
-0.011763,0.019279,0
-0.011746,0.019264,0
-0.01173,0.019248,0
-0.011714,0.019233,0
-0.011698,0.019218,0
-0.011682,0.019203,0
-0.011666,0.019187,0
-0.01165,0.019172,0
-0.011634,0.019157,0
-0.011618,0.019142,0
-0.011602,0.019126,0
-0.011585,0.019111,0
-0.011569,0.019096,0
-0.011553,0.01908,0
-0.011537,0.019065,0
-0.011521,0.01905,0
-0.011505,0.019035,0
-0.011489,0.019019,0
-0.011473,0.019004,0
-0.011457,0.018989,0
-0.011441,0.018974,0
-0.011425,0.018958,0
-0.011408,0.018943,0
-0.011392,0.018928,0
-0.011376,0.018913,0
-0.01136,0.018897,0
-0.011344,0.018882,0
-0.011328,0.018867,0
-0.011312,0.018851,0
-0.011296,0.018836,0
-0.01128,0.018821,0
-0.011264,0.018806,0
-0.011248,0.01879,0
-0.011231,0.018775,0
-0.011215,0.01876,0
-0.011199,0.018745,0
-0.011183,0.018729,0
-0.011167,0.018714,0
-0.011151,0.018699,0
-0.011135,0.018684,0
-0.011119,0.018668,0
-0.011103,0.018653,0
-0.011087,0.018638,0
-0.01107,0.018622,0
-0.011054,0.018607,0
-0.011038,0.018592,0
-0.011022,0.018577,0
-0.011006,0.018561,0
-0.01099,0.018546,0
-0.010974,0.018531,0
-0.010958,0.018516,0
-0.010942,0.0185,0
-0.010926,0.018485,0
-0.01091,0.01847,0
-0.010893,0.018455,0
-0.010877,0.018439,0
-0.010861,0.018424,0
-0.010845,0.018409,0
-0.010829,0.018393,0
-0.010813,0.018378,0
-0.010797,0.018363,0
-0.010781,0.018348,0
-0.010765,0.018332,0
-0.010749,0.018317,0
-0.010733,0.018302,0
-0.010716,0.018287,0
-0.0107,0.018271,0
-0.010684,0.018256,0
-0.010668,0.018241,0
-0.010652,0.018226,0
-0.010636,0.01821,0
-0.01062,0.018195,0
-0.010604,0.01818,0
-0.010588,0.018164,0
-0.010572,0.018149,0
-0.010555,0.018134,0
-0.010539,0.018119,0
-0.010523,0.018103,0
-0.010507,0.018088,0
-0.010491,0.018073,0
-0.010475,0.018058,0
-0.010459,0.018042,0
-0.010443,0.018027,0
-0.010427,0.018012,0
-0.010411,0.017997,0
-0.010395,0.017981,0
-0.010378,0.017966,0
-0.010362,0.017951,0
-0.010346,0.017935,0
-0.01033,0.01792,0
-0.010314,0.017905,0
-0.010298,0.01789,0
-0.010282,0.017874,0
-0.010266,0.017859,0
-0.01025,0.017844,0
-0.010234,0.017829,0
-0.010218,0.017813,0
-0.010201,0.017798,0
-0.010185,0.017783,0
-0.010169,0.017768,0
-0.010153,0.017752,0
-0.010137,0.017737,0
-0.010121,0.017722,0
-0.010105,0.017706,0
-0.010089,0.017691,0
-0.010073,0.017676,0
-0.010057,0.017661,0
-0.01004,0.017645,0
-0.010024,0.01763,0
-0.010008,0.017615,0
-0.0099922,0.0176,0
-0.0099761,0.017584,0
-0.00996,0.017569,0
-0.0099439,0.017554,0
-0.0099278,0.017539,0
-0.0099118,0.017523,0
-0.0098957,0.017508,0
-0.0098796,0.017493,0
-0.0098635,0.017477,0
-0.0098474,0.017462,0
-0.0098313,0.017447,0
-0.0098152,0.017432,0
-0.0097991,0.017416,0
-0.009783,0.017401,0
-0.0097669,0.017386,0
-0.0097508,0.017371,0
-0.0097347,0.017355,0
-0.0097186,0.01734,0
-0.0097025,0.017325,0
-0.0096864,0.01731,0
-0.0096703,0.017294,0
-0.0096543,0.017279,0
-0.0096382,0.017264,0
-0.0096221,0.017249,0
-0.009606,0.017233,0
-0.0095899,0.017218,0
-0.0095738,0.017203,0
-0.0095577,0.017187,0
-0.0095416,0.017172,0
-0.0095255,0.017157,0
-0.0095094,0.017142,0
-0.0094933,0.017126,0
-0.0094772,0.017111,0
-0.0094611,0.017096,0
-0.009445,0.017081,0
-0.0094289,0.017065,0
-0.0094129,0.01705,0
-0.0093968,0.017035,0
-0.0093807,0.01702,0
-0.0093646,0.017004,0
-0.0093485,0.016989,0
-0.0093324,0.016974,0
-0.0093163,0.016958,0
-0.0093002,0.016943,0
-0.0092841,0.016928,0
-0.009268,0.016913,0
-0.0092519,0.016897,0
-0.0092358,0.016882,0
-0.0092197,0.016867,0
-0.0092036,0.016852,0
-0.0091875,0.016836,0
-0.0091714,0.016821,0
-0.0091554,0.016806,0
-0.0091393,0.016791,0
-0.0091232,0.016775,0
-0.0091071,0.01676,0
-0.009091,0.016745,0
-0.0090749,0.016729,0
-0.0090588,0.016714,0
-0.0090427,0.016699,0
-0.0090266,0.016684,0
-0.0090105,0.016668,0
-0.0089944,0.016653,0
-0.0089783,0.016638,0
-0.0089622,0.016623,0
-0.0089461,0.016607,0
-0.00893,0.016592,0
-0.008914,0.016577,0
-0.0088979,0.016562,0
-0.0088818,0.016546,0
-0.0088657,0.016531,0
-0.0088496,0.016516,0
-0.0088335,0.0165,0
-0.0088174,0.016485,0
-0.0088013,0.01647,0
-0.0087852,0.016455,0
-0.0087691,0.016439,0
-0.008753,0.016424,0
-0.0087369,0.016409,0
-0.0087208,0.016394,0
-0.0087047,0.016378,0
-0.0086886,0.016363,0
-0.0086726,0.016348,0
-0.0086565,0.016333,0
-0.0086404,0.016317,0
-0.0086243,0.016302,0
-0.0086082,0.016287,0
-0.0085921,0.016271,0
-0.008576,0.016256,0
-0.0085599,0.016241,0
-0.0085438,0.016226,0
-0.0085277,0.01621,0
-0.0085116,0.016195,0
-0.0084955,0.01618,0
-0.0084794,0.016165,0
-0.0084633,0.016149,0
-0.0084472,0.016134,0
-0.0084311,0.016119,0
-0.0084151,0.016104,0
-0.008399,0.016088,0
-0.0083829,0.016073,0
-0.0083668,0.016058,0
-0.0083507,0.016042,0
-0.0083346,0.016027,0
-0.0083185,0.016012,0
-0.0083024,0.015997,0
-0.0082863,0.015981,0
-0.0082702,0.015966,0
-0.0082541,0.015951,0
-0.008238,0.015936,0
-0.0082219,0.01592,0
-0.0082058,0.015905,0
-0.0081897,0.01589,0
-0.0081737,0.015875,0
-0.0081576,0.015859,0
-0.0081415,0.015844,0
-0.0081254,0.015829,0
-0.0081093,0.015813,0
-0.0080932,0.015798,0
-0.0080771,0.015783,0
-0.008061,0.015768,0
-0.0080449,0.015752,0
-0.0080288,0.015737,0
-0.0080127,0.015722,0
-0.0079966,0.015707,0
-0.0079805,0.015691,0
-0.0079644,0.015676,0
-0.0079483,0.015661,0
-0.0079322,0.015646,0
-0.0079162,0.01563,0
-0.0079001,0.015615,0
-0.007884,0.0156,0
-0.0078679,0.015584,0
-0.0078518,0.015569,0
-0.0078357,0.015554,0
-0.0078196,0.015539,0
-0.0078035,0.015523,0
-0.0077874,0.015508,0
-0.0077713,0.015493,0
-0.0077552,0.015478,0
-0.0077391,0.015462,0
-0.007723,0.015447,0
-0.0077069,0.015432,0
-0.0076908,0.015417,0
-0.0076748,0.015401,0
-0.0076587,0.015386,0
-0.0076426,0.015371,0
-0.0076265,0.015355,0
-0.0076104,0.01534,0
-0.0075943,0.015325,0
-0.0075782,0.01531,0
-0.0075621,0.015294,0
-0.007546,0.015279,0
-0.0075299,0.015264,0
-0.0075138,0.015249,0
-0.0074977,0.015233,0
-0.0074816,0.015218,0
-0.0074655,0.015203,0
-0.0074494,0.015188,0
-0.0074333,0.015172,0
-0.0074173,0.015157,0
-0.0074012,0.015142,0
-0.0073851,0.015126,0
-0.007369,0.015111,0
-0.0073529,0.015096,0
-0.0073368,0.015081,0
-0.0073207,0.015065,0
-0.0073046,0.01505,0
-0.0072885,0.015035,0
-0.0072724,0.01502,0
-0.0072563,0.015004,0
-0.0072402,0.014989,0
-0.0072241,0.014974,0
-0.007208,0.014959,0
-0.0071919,0.014943,0
-0.0071759,0.014928,0
-0.0071598,0.014913,0
-0.0071437,0.014897,0
-0.0071276,0.014882,0
-0.0071115,0.014867,0
-0.0070954,0.014852,0
-0.0070793,0.014836,0
-0.0070632,0.014821,0
-0.0070471,0.014806,0
-0.007031,0.014791,0
-0.0070149,0.014775,0
-0.0069988,0.01476,0
-0.0069827,0.014745,0
-0.0069666,0.01473,0
-0.0069505,0.014714,0
-0.0069344,0.014699,0
-0.0069184,0.014684,0
-0.0069023,0.014668,0
-0.0068862,0.014653,0
-0.0068701,0.014638,0
-0.0068647,0.014633,0
-0.0068593,0.014629,0
-0.0068539,0.014624,0
-0.0068484,0.01462,0
-0.006843,0.014615,0
-0.0068376,0.014611,0
-0.0068322,0.014606,0
-0.0068267,0.014601,0
-0.0068213,0.014597,0
-0.0068159,0.014592,0
-0.0068104,0.014588,0
-0.006805,0.014583,0
-0.0067995,0.014579,0
-0.006794,0.014574,0
-0.0067886,0.01457,0
-0.0067831,0.014565,0
-0.0067776,0.014561,0
-0.0067722,0.014556,0
-0.0067667,0.014552,0
-0.0067612,0.014547,0
-0.0067557,0.014543,0
-0.0067502,0.014538,0
-0.0067447,0.014534,0
-0.0067392,0.014529,0
-0.0067337,0.014525,0
-0.0067282,0.01452,0
-0.0067227,0.014516,0
-0.0067172,0.014512,0
-0.0067117,0.014507,0
-0.0067061,0.014503,0
-0.0067006,0.014498,0
-0.0066951,0.014494,0
-0.0066896,0.014489,0
-0.006684,0.014485,0
-0.0066785,0.01448,0
-0.0066729,0.014476,0
-0.0066674,0.014472,0
-0.0066618,0.014467,0
-0.0066562,0.014463,0
-0.0066507,0.014458,0
-0.0066451,0.014454,0
-0.0066395,0.01445,0
-0.006634,0.014445,0
-0.0066284,0.014441,0
-0.0066228,0.014436,0
-0.0066172,0.014432,0
-0.0066116,0.014428,0
-0.006606,0.014423,0
-0.0066004,0.014419,0
-0.0065948,0.014415,0
-0.0065892,0.01441,0
-0.0065836,0.014406,0
-0.0065779,0.014402,0
-0.0065723,0.014397,0
-0.0065667,0.014393,0
-0.0065611,0.014389,0
-0.0065554,0.014384,0
-0.0065498,0.01438,0
-0.0065441,0.014376,0
-0.0065385,0.014371,0
-0.0065328,0.014367,0
-0.0065272,0.014363,0
-0.0065215,0.014358,0
-0.0065159,0.014354,0
-0.0065102,0.01435,0
-0.0065045,0.014345,0
-0.0064988,0.014341,0
-0.0064932,0.014337,0
-0.0064875,0.014333,0
-0.0064818,0.014328,0
-0.0064761,0.014324,0
-0.0064704,0.01432,0
-0.0064647,0.014316,0
-0.006459,0.014311,0
-0.0064533,0.014307,0
-0.0064476,0.014303,0
-0.0064419,0.014299,0
-0.0064361,0.014294,0
-0.0064304,0.01429,0
-0.0064247,0.014286,0
-0.006419,0.014282,0
-0.0064132,0.014277,0
-0.0064075,0.014273,0
-0.0064017,0.014269,0
-0.006396,0.014264,0
-0.0063902,0.014259,0
-0.0063845,0.014253,0
-0.0063787,0.014248,0
-0.006373,0.014243,0
-0.0063672,0.014237,0
-0.0063614,0.014232,0
-0.0063557,0.014227,0
-0.0063499,0.014221,0
-0.0063441,0.014216,0
-0.0063383,0.014211,0
-0.0063325,0.014205,0
-0.0063267,0.0142,0
-0.0063209,0.014195,0
-0.0063151,0.014189,0
-0.0063093,0.014184,0
-0.0063035,0.014179,0
-0.0062977,0.014174,0
-0.0062919,0.014168,0
-0.006286,0.014163,0
-0.0062802,0.014158,0
-0.0062744,0.014152,0
-0.0062686,0.014147,0
-0.0062627,0.014142,0
-0.0062569,0.014137,0
-0.006251,0.014131,0
-0.0062452,0.014126,0
-0.0062393,0.014121,0
-0.0062335,0.014116,0
-0.0062276,0.01411,0
-0.0062217,0.014105,0
-0.0062159,0.0141,0
-0.00621,0.014095,0
-0.0062041,0.01409,0
-0.0061982,0.014084,0
-0.0061924,0.014079,0
-0.0061865,0.014074,0
-0.0061806,0.014069,0
-0.0061747,0.014064,0
-0.0061688,0.014058,0
-0.0061629,0.014053,0
-0.006157,0.014048,0
-0.0061511,0.014043,0
-0.0061452,0.014038,0
-0.0061392,0.014033,0
-0.0061333,0.014027,0
-0.0061274,0.014022,0
-0.0061215,0.014017,0
-0.0061155,0.014012,0
-0.0061096,0.014007,0
-0.0061036,0.014002,0
-0.0060977,0.013997,0
-0.0060918,0.013991,0
-0.0060858,0.013986,0
-0.0060798,0.013981,0
-0.0060739,0.013976,0
-0.0060679,0.013971,0
-0.006062,0.013966,0
-0.006056,0.013961,0
-0.00605,0.013956,0
-0.006044,0.013951,0
-0.0060381,0.013945,0
-0.0060321,0.01394,0
-0.0060261,0.013935,0
-0.0060201,0.01393,0
-0.0060141,0.013925,0
-0.0060081,0.01392,0
-0.0060021,0.013915,0
-0.0059961,0.01391,0
-0.0059901,0.013905,0
-0.005984,0.0139,0
-0.005978,0.013895,0
-0.005972,0.01389,0
-0.005966,0.013885,0
-0.0059599,0.01388,0
-0.0059539,0.013875,0
-0.0059479,0.01387,0
-0.0059418,0.013865,0
-0.0059358,0.01386,0
-0.0059297,0.013855,0
-0.0059237,0.01385,0
-0.0059176,0.013845,0
-0.0059116,0.01384,0
-0.0059055,0.013835,0
-0.0058994,0.01383,0
-0.0058934,0.013825,0
-0.0058873,0.01382,0
-0.0058812,0.013815,0
-0.0058751,0.01381,0
-0.005869,0.013805,0
-0.005863,0.0138,0
-0.0058569,0.013795,0
-0.0058508,0.01379,0
-0.0058447,0.013785,0
-0.0058386,0.01378,0
-0.0058325,0.013775,0
-0.0058264,0.013771,0
-0.0058202,0.013766,0
-0.0058141,0.013761,0
-0.005808,0.013756,0
-0.0058019,0.013751,0
-0.0057957,0.013746,0
-0.0057896,0.013741,0
-0.0057835,0.013736,0
-0.0057773,0.013731,0
-0.0057712,0.013727,0
-0.005765,0.013722,0
-0.0057589,0.013717,0
-0.0057527,0.013712,0
-0.0057466,0.013707,0
-0.0057404,0.013702,0
-0.0057343,0.013697,0
-0.0057281,0.013693,0
-0.0057219,0.013688,0
-0.0057157,0.013683,0
-0.0057096,0.013678,0
-0.0057034,0.013673,0
-0.0056972,0.013668,0
-0.005691,0.013664,0
-0.0056848,0.013659,0
-0.0056786,0.013654,0
-0.0056724,0.013649,0
-0.0056662,0.013644,0
-0.00566,0.01364,0
-0.0056538,0.013635,0
-0.0056476,0.01363,0
-0.0056414,0.013625,0
-0.0056352,0.013621,0
-0.0056289,0.013616,0
-0.0056227,0.013611,0
-0.0056165,0.013606,0
-0.0056102,0.013602,0
-0.005604,0.013597,0
-0.0055978,0.013592,0
-0.0055915,0.013587,0
-0.0055853,0.013583,0
-0.005579,0.013578,0
-0.0055728,0.013573,0
-0.0055665,0.013568,0
-0.0055602,0.013564,0
-0.005554,0.013559,0
-0.0055477,0.013554,0
-0.0055414,0.01355,0
-0.0055352,0.013545,0
-0.0055289,0.01354,0
-0.0055226,0.013536,0
-0.0055163,0.013531,0
-0.00551,0.013526,0
-0.0055037,0.013522,0
-0.0054974,0.013517,0
-0.0054911,0.013512,0
-0.0054848,0.013508,0
-0.0054785,0.013503,0
-0.0054722,0.013498,0
-0.0054659,0.013494,0
-0.0054596,0.013489,0
-0.0054533,0.013484,0
-0.0054469,0.01348,0
-0.0054406,0.013475,0
-0.0054343,0.013471,0
-0.0054279,0.013466,0
-0.0054216,0.013461,0
-0.0054153,0.013457,0
-0.0054089,0.013452,0
-0.0054026,0.013448,0
-0.0053962,0.013443,0
-0.0053899,0.013439,0
-0.0053835,0.013434,0
-0.0053772,0.013429,0
-0.0053708,0.013425,0
-0.0053644,0.01342,0
-0.0053581,0.013416,0
-0.0053517,0.013411,0
-0.0053453,0.013407,0
-0.0053389,0.013402,0
-0.0053325,0.013398,0
-0.0053262,0.013393,0
-0.0053198,0.013389,0
-0.0053134,0.013384,0
-0.005307,0.01338,0
-0.0053006,0.013375,0
-0.0052942,0.013371,0
-0.0052878,0.013366,0
-0.0052814,0.013362,0
-0.005275,0.013357,0
-0.0052685,0.013353,0
-0.0052621,0.013348,0
-0.0052557,0.013344,0
-0.0052493,0.013339,0
-0.0052428,0.013335,0
-0.0052364,0.01333,0
-0.00523,0.013326,0
-0.0052235,0.013321,0
-0.0052171,0.013317,0
-0.0052106,0.013312,0
-0.0052042,0.013308,0
-0.0051977,0.013304,0
-0.0051913,0.013299,0
-0.0051848,0.013295,0
-0.0051784,0.01329,0
-0.0051719,0.013286,0
-0.0051654,0.013282,0
-0.005159,0.013277,0
-0.0051525,0.013273,0
-0.005146,0.013268,0
-0.0051395,0.013264,0
-0.0051331,0.01326,0
-0.0051266,0.013255,0
-0.0051201,0.013251,0
-0.0051136,0.013247,0
-0.0051071,0.013242,0
-0.0051006,0.013238,0
-0.0050941,0.013234,0
-0.0050876,0.013229,0
-0.0050811,0.013225,0
-0.0050746,0.013221,0
-0.005068,0.013216,0
-0.0050615,0.013212,0
-0.005055,0.013208,0
-0.0050485,0.013203,0
-0.005042,0.013199,0
-0.0050354,0.013195,0
-0.0050289,0.01319,0
-0.0050223,0.013186,0
-0.0050158,0.013182,0
-0.0050093,0.013178,0
-0.0050027,0.013173,0
-0.0049962,0.013169,0
-0.0049896,0.013165,0
-0.0049831,0.013161,0
-0.0049765,0.013156,0
-0.0049699,0.013152,0
-0.0049634,0.013148,0
-0.0049568,0.013144,0
-0.0049502,0.013139,0
-0.0049437,0.013135,0
-0.0049371,0.013131,0
-0.0049305,0.013127,0
-0.0049239,0.013123,0
-0.0049173,0.013118,0
-0.0049107,0.013114,0
-0.0049042,0.01311,0
-0.0048976,0.013106,0
-0.004891,0.013102,0
-0.0048844,0.013097,0
-0.0048778,0.013093,0
-0.0048711,0.013089,0
-0.0048645,0.013085,0
-0.0048579,0.013081,0
-0.0048513,0.013077,0
-0.0048447,0.013072,0
-0.0048381,0.013068,0
-0.0048314,0.013064,0
-0.0048248,0.01306,0
-0.0048182,0.013056,0
-0.0048115,0.013052,0
-0.0048049,0.013048,0
-0.0047983,0.013044,0
-0.0047916,0.013039,0
-0.004785,0.013035,0
-0.0047783,0.013031,0
-0.0047717,0.013027,0
-0.004765,0.013023,0
-0.0047584,0.013019,0
-0.0047517,0.013015,0
-0.004745,0.013011,0
-0.0047384,0.013007,0
-0.0047317,0.013003,0
-0.004725,0.012999,0
-0.0047184,0.012995,0
-0.0047117,0.012991,0
-0.004705,0.012987,0
-0.0046983,0.012983,0
-0.0046916,0.012979,0
-0.0046849,0.012975,0
-0.0046782,0.012971,0
-0.0046715,0.012967,0
-0.0046648,0.012963,0
-0.0046581,0.012959,0
-0.0046514,0.012955,0
-0.0046447,0.012951,0
-0.004638,0.012947,0
-0.0046313,0.012943,0
-0.0046246,0.012939,0
-0.0046179,0.012935,0
-0.0046112,0.012931,0
-0.0046044,0.012927,0
-0.0045977,0.012923,0
-0.004591,0.012919,0
-0.0045842,0.012915,0
-0.0045775,0.012911,0
-0.0045708,0.012907,0
-0.004564,0.012903,0
-0.0045573,0.012899,0
-0.0045505,0.012895,0
-0.0045438,0.012891,0
-0.004537,0.012887,0
-0.0045303,0.012884,0
-0.0045235,0.01288,0
-0.0045168,0.012876,0
-0.00451,0.012872,0
-0.0045032,0.012868,0
-0.0044965,0.012864,0
-0.0044897,0.01286,0
-0.0044829,0.012856,0
-0.0044761,0.012853,0
-0.0044693,0.012849,0
-0.0044626,0.012845,0
-0.0044558,0.012841,0
-0.004449,0.012837,0
-0.0044422,0.012833,0
-0.0044354,0.01283,0
-0.0044286,0.012826,0
-0.0044218,0.012822,0
-0.004415,0.012818,0
-0.0044082,0.012814,0
-0.0044014,0.012811,0
-0.0043946,0.012807,0
-0.0043878,0.012803,0
-0.0043809,0.012799,0
-0.0043741,0.012795,0
-0.0043673,0.012792,0
-0.0043605,0.012788,0
-0.0043537,0.012784,0
-0.0043468,0.01278,0
-0.00434,0.012777,0
-0.0043332,0.012773,0
-0.0043263,0.012769,0
-0.0043195,0.012765,0
-0.0043126,0.012762,0
-0.0043058,0.012758,0
-0.0042989,0.012754,0
-0.0042921,0.01275,0
-0.0042852,0.012747,0
-0.0042784,0.012743,0
-0.0042715,0.012739,0
-0.0042647,0.012736,0
-0.0042578,0.012732,0
-0.0042509,0.012728,0
-0.0042441,0.012725,0
-0.0042372,0.012721,0
-0.0042303,0.012717,0
-0.0042234,0.012714,0
-0.0042166,0.01271,0
-0.0042097,0.012706,0
-0.0042028,0.012703,0
-0.0041959,0.012699,0
-0.004189,0.012695,0
-0.0041821,0.012692,0
-0.0041752,0.012688,0
-0.0041683,0.012685,0
-0.0041614,0.012681,0
-0.0041545,0.012677,0
-0.0041476,0.012674,0
-0.0041407,0.01267,0
-0.0041338,0.012667,0
-0.0041269,0.012663,0
-0.00412,0.012659,0
-0.004113,0.012656,0
-0.0041061,0.012652,0
-0.0040992,0.012649,0
-0.0040923,0.012645,0
-0.0040853,0.012642,0
-0.0040784,0.012638,0
-0.0040715,0.012635,0
-0.0040645,0.012631,0
-0.0040576,0.012628,0
-0.0040507,0.012624,0
-0.0040437,0.012621,0
-0.0040368,0.012617,0
-0.0040298,0.012614,0
-0.0040229,0.01261,0
-0.0040159,0.012607,0
-0.004009,0.012603,0
-0.004002,0.0126,0
-0.003995,0.012596,0
-0.0039881,0.012593,0
-0.0039811,0.012589,0
-0.0039741,0.012586,0
-0.0039672,0.012582,0
-0.0039602,0.012579,0
-0.0039532,0.012575,0
-0.0039462,0.012572,0
-0.0039393,0.012568,0
-0.0039323,0.012565,0
-0.0039253,0.012562,0
-0.0039183,0.012558,0
-0.0039113,0.012555,0
-0.0039043,0.012551,0
-0.0038973,0.012548,0
-0.0038903,0.012545,0
-0.0038833,0.012541,0
-0.0038763,0.012538,0
-0.0038693,0.012534,0
-0.0038623,0.012531,0
-0.0038553,0.012528,0
-0.0038483,0.012524,0
-0.0038413,0.012521,0
-0.0038343,0.012518,0
-0.0038272,0.012514,0
-0.0038202,0.012511,0
-0.0038132,0.012508,0
-0.0038062,0.012504,0
-0.0037991,0.012501,0
-0.0037921,0.012498,0
-0.0037851,0.012494,0
-0.003778,0.012491,0
-0.003771,0.012488,0
-0.003764,0.012484,0
-0.0037569,0.012481,0
-0.0037499,0.012478,0
-0.0037428,0.012475,0
-0.0037358,0.012471,0
-0.0037287,0.012468,0
-0.0037217,0.012465,0
-0.0037146,0.012462,0
-0.0037075,0.012458,0
-0.0037005,0.012455,0
-0.0036934,0.012452,0
-0.0036864,0.012449,0
-0.0036793,0.012445,0
-0.0036722,0.012442,0
-0.0036651,0.012439,0
-0.0036581,0.012436,0
-0.003651,0.012432,0
-0.0036439,0.012429,0
-0.0036368,0.012426,0
-0.0036297,0.012423,0
-0.0036227,0.01242,0
-0.0036156,0.012416,0
-0.0036085,0.012413,0
-0.0036014,0.01241,0
-0.0035943,0.012407,0
-0.0035872,0.012404,0
-0.0035801,0.012401,0
-0.003573,0.012398,0
-0.0035659,0.012394,0
-0.0035588,0.012391,0
-0.0035517,0.012388,0
-0.0035446,0.012385,0
-0.0035375,0.012382,0
-0.0035303,0.012379,0
-0.0035232,0.012376,0
-0.0035161,0.012373,0
-0.003509,0.012369,0
-0.0035019,0.012366,0
-0.0034947,0.012363,0
-0.0034876,0.01236,0
-0.0034805,0.012357,0
-0.0034733,0.012354,0
-0.0034662,0.012351,0
-0.0034591,0.012348,0
-0.0034519,0.012345,0
-0.0034448,0.012342,0
-0.0034376,0.012339,0
-0.0034305,0.012336,0
-0.0034234,0.012333,0
-0.0034162,0.01233,0
-0.0034091,0.012327,0
-0.0034019,0.012324,0
-0.0033947,0.012321,0
-0.0033876,0.012318,0
-0.0033804,0.012315,0
-0.0033733,0.012312,0
-0.0033661,0.012309,0
-0.0033589,0.012306,0
-0.0033518,0.012303,0
-0.0033446,0.0123,0
-0.0033374,0.012297,0
-0.0033302,0.012294,0
-0.0033231,0.012291,0
-0.0033159,0.012288,0
-0.0033087,0.012285,0
-0.0033015,0.012282,0
-0.0032943,0.012279,0
-0.0032872,0.012276,0
-0.00328,0.012273,0
-0.0032728,0.012271,0
-0.0032656,0.012268,0
-0.0032584,0.012265,0
-0.0032512,0.012262,0
-0.003244,0.012259,0
-0.0032368,0.012256,0
-0.0032296,0.012253,0
-0.0032224,0.01225,0
-0.0032152,0.012247,0
-0.003208,0.012245,0
-0.0032008,0.012242,0
-0.0031935,0.012239,0
-0.0031863,0.012236,0
-0.0031791,0.012233,0
-0.0031719,0.01223,0
-0.0031647,0.012228,0
-0.0031575,0.012225,0
-0.0031502,0.012222,0
-0.003143,0.012219,0
-0.0031358,0.012216,0
-0.0031285,0.012214,0
-0.0031213,0.012211,0
-0.0031141,0.012208,0
-0.0031068,0.012205,0
-0.0030996,0.012202,0
-0.0030924,0.0122,0
-0.0030851,0.012197,0
-0.0030779,0.012194,0
-0.0030706,0.012191,0
-0.0030634,0.012189,0
-0.0030561,0.012186,0
-0.0030489,0.012183,0
-0.0030416,0.01218,0
-0.0030344,0.012178,0
-0.0030271,0.012175,0
-0.0030199,0.012172,0
-0.0030126,0.01217,0
-0.0030053,0.012167,0
-0.0029981,0.012164,0
-0.0029908,0.012161,0
-0.0029835,0.012159,0
-0.0029763,0.012156,0
-0.002969,0.012153,0
-0.0029617,0.012151,0
-0.0029544,0.012148,0
-0.0029472,0.012145,0
-0.0029399,0.012143,0
-0.0029326,0.01214,0
-0.0029253,0.012138,0
-0.002918,0.012135,0
-0.0029108,0.012132,0
-0.0029035,0.01213,0
-0.0028962,0.012127,0
-0.0028889,0.012124,0
-0.0028816,0.012122,0
-0.0028743,0.012119,0
-0.002867,0.012117,0
-0.0028597,0.012114,0
-0.0028524,0.012112,0
-0.0028451,0.012109,0
-0.0028378,0.012106,0
-0.0028305,0.012104,0
-0.0028232,0.012101,0
-0.0028159,0.012099,0
-0.0028086,0.012096,0
-0.0028012,0.012094,0
-0.0027939,0.012091,0
-0.0027866,0.012089,0
-0.0027793,0.012086,0
-0.002772,0.012084,0
-0.0027646,0.012081,0
-0.0027573,0.012079,0
-0.00275,0.012076,0
-0.0027427,0.012074,0
-0.0027353,0.012071,0
-0.002728,0.012069,0
-0.0027207,0.012066,0
-0.0027134,0.012064,0
-0.002706,0.012061,0
-0.0026987,0.012059,0
-0.0026913,0.012056,0
-0.002684,0.012054,0
-0.0026767,0.012051,0
-0.0026693,0.012049,0
-0.002662,0.012046,0
-0.0026546,0.012044,0
-0.0026473,0.012042,0
-0.0026399,0.012039,0
-0.0026326,0.012037,0
-0.0026252,0.012034,0
-0.0026179,0.012032,0
-0.0026105,0.01203,0
-0.0026031,0.012027,0
-0.0025958,0.012025,0
-0.0025884,0.012023,0
-0.0025811,0.01202,0
-0.0025737,0.012018,0
-0.0025663,0.012015,0
-0.002559,0.012013,0
-0.0025516,0.012011,0
-0.0025442,0.012008,0
-0.0025369,0.012006,0
-0.0025295,0.012004,0
-0.0025221,0.012001,0
-0.0025147,0.011999,0
-0.0025073,0.011997,0
-0.0025,0.011994,0
-0.0024926,0.011992,0
-0.0024852,0.01199,0
-0.0024778,0.011988,0
-0.0024704,0.011985,0
-0.002463,0.011983,0
-0.0024557,0.011981,0
-0.0024483,0.011979,0
-0.0024409,0.011976,0
-0.0024335,0.011974,0
-0.0024261,0.011972,0
-0.0024187,0.01197,0
-0.0024113,0.011967,0
-0.0024039,0.011965,0
-0.0023965,0.011963,0
-0.0023891,0.011961,0
-0.0023817,0.011958,0
-0.0023743,0.011956,0
-0.0023669,0.011954,0
-0.0023595,0.011952,0
-0.002352,0.01195,0
-0.0023446,0.011948,0
-0.0023372,0.011945,0
-0.0023298,0.011943,0
-0.0023224,0.011941,0
-0.002315,0.011939,0
-0.0023076,0.011937,0
-0.0023001,0.011935,0
-0.0022927,0.011932,0
-0.0022853,0.01193,0
-0.0022779,0.011928,0
-0.0022704,0.011926,0
-0.002263,0.011924,0
-0.0022556,0.011922,0
-0.0022482,0.01192,0
-0.0022407,0.011918,0
-0.0022333,0.011916,0
-0.0022259,0.011913,0
-0.0022184,0.011911,0
-0.002211,0.011909,0
-0.0022035,0.011907,0
-0.0021961,0.011905,0
-0.0021887,0.011903,0
-0.0021812,0.011901,0
-0.0021738,0.011899,0
-0.0021663,0.011897,0
-0.0021589,0.011895,0
-0.0021514,0.011893,0
-0.002144,0.011891,0
-0.0021365,0.011889,0
-0.0021291,0.011887,0
-0.0021216,0.011885,0
-0.0021142,0.011883,0
-0.0021067,0.011881,0
-0.0020993,0.011879,0
-0.0020918,0.011877,0
-0.0020843,0.011875,0
-0.0020769,0.011873,0
-0.0020694,0.011871,0
-0.002062,0.011869,0
-0.0020545,0.011867,0
-0.002047,0.011865,0
-0.0020396,0.011863,0
-0.0020321,0.011861,0
-0.0020246,0.011859,0
-0.0020171,0.011857,0
-0.0020097,0.011855,0
-0.0020022,0.011854,0
-0.0019947,0.011852,0
-0.0019873,0.01185,0
-0.0019798,0.011848,0
-0.0019723,0.011846,0
-0.0019648,0.011844,0
-0.0019573,0.011842,0
-0.0019499,0.01184,0
-0.0019424,0.011838,0
-0.0019349,0.011837,0
-0.0019274,0.011835,0
-0.0019199,0.011833,0
-0.0019124,0.011831,0
-0.0019049,0.011829,0
-0.0018974,0.011827,0
-0.00189,0.011826,0
-0.0018825,0.011824,0
-0.001875,0.011822,0
-0.0018675,0.01182,0
-0.00186,0.011818,0
-0.0018525,0.011817,0
-0.001845,0.011815,0
-0.0018375,0.011813,0
-0.00183,0.011811,0
-0.0018225,0.011809,0
-0.001815,0.011808,0
-0.0018075,0.011806,0
-0.0018,0.011804,0
-0.0017925,0.011802,0
-0.0017849,0.011801,0
-0.0017774,0.011799,0
-0.0017699,0.011797,0
-0.0017624,0.011796,0
-0.0017549,0.011794,0
-0.0017474,0.011792,0
-0.0017399,0.01179,0
-0.0017324,0.011789,0
-0.0017248,0.011787,0
-0.0017173,0.011785,0
-0.0017098,0.011784,0
-0.0017023,0.011782,0
-0.0016948,0.01178,0
-0.0016872,0.011779,0
-0.0016797,0.011777,0
-0.0016722,0.011775,0
-0.0016647,0.011774,0
-0.0016572,0.011772,0
-0.0016496,0.01177,0
-0.0016421,0.011769,0
-0.0016346,0.011767,0
-0.001627,0.011766,0
-0.0016195,0.011764,0
-0.001612,0.011762,0
-0.0016044,0.011761,0
-0.0015969,0.011759,0
-0.0015894,0.011758,0
-0.0015818,0.011756,0
-0.0015743,0.011754,0
-0.0015668,0.011753,0
-0.0015592,0.011751,0
-0.0015517,0.01175,0
-0.0015441,0.011748,0
-0.0015366,0.011747,0
-0.0015291,0.011745,0
-0.0015215,0.011744,0
-0.001514,0.011742,0
-0.0015064,0.011741,0
-0.0014989,0.011739,0
-0.0014913,0.011737,0
-0.0014838,0.011736,0
-0.0014762,0.011734,0
-0.0014687,0.011733,0
-0.0014611,0.011732,0
-0.0014536,0.01173,0
-0.001446,0.011729,0
-0.0014385,0.011727,0
-0.0014309,0.011726,0
-0.0014234,0.011724,0
-0.0014158,0.011723,0
-0.0014083,0.011721,0
-0.0014007,0.01172,0
-0.0013931,0.011718,0
-0.0013856,0.011717,0
-0.001378,0.011716,0
-0.0013705,0.011714,0
-0.0013629,0.011713,0
-0.0013553,0.011711,0
-0.0013478,0.01171,0
-0.0013402,0.011709,0
-0.0013326,0.011707,0
-0.0013251,0.011706,0
-0.0013175,0.011704,0
-0.0013099,0.011703,0
-0.0013024,0.011702,0
-0.0012948,0.0117,0
-0.0012872,0.011699,0
-0.0012797,0.011698,0
-0.0012721,0.011696,0
-0.0012645,0.011695,0
-0.0012569,0.011694,0
-0.0012494,0.011692,0
-0.0012418,0.011691,0
-0.0012342,0.01169,0
-0.0012266,0.011688,0
-0.0012191,0.011687,0
-0.0012115,0.011686,0
-0.0012039,0.011685,0
-0.0011963,0.011683,0
-0.0011887,0.011682,0
-0.0011812,0.011681,0
-0.0011736,0.011679,0
-0.001166,0.011678,0
-0.0011584,0.011677,0
-0.0011508,0.011676,0
-0.0011432,0.011675,0
-0.0011357,0.011673,0
-0.0011281,0.011672,0
-0.0011205,0.011671,0
-0.0011129,0.01167,0
-0.0011053,0.011668,0
-0.0010977,0.011667,0
-0.0010901,0.011666,0
-0.0010825,0.011665,0
-0.0010749,0.011664,0
-0.0010674,0.011662,0
-0.0010598,0.011661,0
-0.0010522,0.01166,0
-0.0010446,0.011659,0
-0.001037,0.011658,0
-0.0010294,0.011657,0
-0.0010218,0.011656,0
-0.0010142,0.011654,0
-0.0010066,0.011653,0
-0.000999,0.011652,0
-0.0009914,0.011651,0
-0.0009838,0.01165,0
-0.00097621,0.011649,0
-0.00096861,0.011648,0
-0.000961,0.011647,0
-0.0009534,0.011646,0
-0.0009458,0.011644,0
-0.0009382,0.011643,0
-0.0009306,0.011642,0
-0.00092299,0.011641,0
-0.00091539,0.01164,0
-0.00090779,0.011639,0
-0.00090018,0.011638,0
-0.00089257,0.011637,0
-0.00088497,0.011636,0
-0.00087736,0.011635,0
-0.00086975,0.011634,0
-0.00086215,0.011633,0
-0.00085454,0.011632,0
-0.00084693,0.011631,0
-0.00083932,0.01163,0
-0.00083171,0.011629,0
-0.0008241,0.011628,0
-0.00081649,0.011627,0
-0.00080888,0.011626,0
-0.00080127,0.011625,0
-0.00079365,0.011624,0
-0.00078604,0.011623,0
-0.00077843,0.011622,0
-0.00077081,0.011621,0
-0.0007632,0.01162,0
-0.00075558,0.011619,0
-0.00074797,0.011619,0
-0.00074035,0.011618,0
-0.00073274,0.011617,0
-0.00072512,0.011616,0
-0.0007175,0.011615,0
-0.00070989,0.011614,0
-0.00070227,0.011613,0
-0.00069465,0.011612,0
-0.00068703,0.011611,0
-0.00067941,0.01161,0
-0.00067179,0.01161,0
-0.00066417,0.011609,0
-0.00065655,0.011608,0
-0.00064893,0.011607,0
-0.00064131,0.011606,0
-0.00063369,0.011605,0
-0.00062606,0.011605,0
-0.00061844,0.011604,0
-0.00061082,0.011603,0
-0.0006032,0.011602,0
-0.00059557,0.011601,0
-0.00058795,0.0116,0
-0.00058032,0.0116,0
-0.0005727,0.011599,0
-0.00056507,0.011598,0
-0.00055745,0.011597,0
-0.00054982,0.011597,0
-0.0005422,0.011596,0
-0.00053457,0.011595,0
-0.00052694,0.011594,0
-0.00051932,0.011594,0
-0.00051169,0.011593,0
-0.00050406,0.011592,0
-0.00049643,0.011591,0
-0.0004888,0.011591,0
-0.00048118,0.01159,0
-0.00047355,0.011589,0
-0.00046592,0.011589,0
-0.00045829,0.011588,0
-0.00045066,0.011587,0
-0.00044303,0.011586,0
-0.0004354,0.011586,0
-0.00042777,0.011585,0
-0.00042014,0.011584,0
-0.0004125,0.011584,0
-0.00040487,0.011583,0
-0.00039724,0.011582,0
-0.00038961,0.011582,0
-0.00038198,0.011581,0
-0.00037434,0.011581,0
-0.00036671,0.01158,0
-0.00035908,0.011579,0
-0.00035145,0.011579,0
-0.00034381,0.011578,0
-0.00033618,0.011577,0
-0.00032855,0.011577,0
-0.00032091,0.011576,0
-0.00031328,0.011576,0
-0.00030564,0.011575,0
-0.00029801,0.011575,0
-0.00029037,0.011574,0
-0.00028274,0.011573,0
-0.0002751,0.011573,0
-0.00026747,0.011572,0
-0.00025983,0.011572,0
-0.0002522,0.011571,0
-0.00024456,0.011571,0
-0.00023693,0.01157,0
-0.00022929,0.01157,0
-0.00022165,0.011569,0
-0.00021402,0.011569,0
-0.00020638,0.011568,0
-0.00019875,0.011568,0
-0.00019111,0.011567,0
-0.00018347,0.011567,0
-0.00017583,0.011566,0
-0.0001682,0.011566,0
-0.00016056,0.011565,0
-0.00015292,0.011565,0
-0.00014529,0.011564,0
-0.00013765,0.011564,0
-0.00013001,0.011564,0
-0.00012237,0.011563,0
-0.00011474,0.011563,0
-0.0001071,0.011562,0
-9.9461e-05,0.011562,0
-9.1823e-05,0.011561,0
-8.4185e-05,0.011561,0
-7.6547e-05,0.011561,0
-6.8909e-05,0.01156,0
-6.1271e-05,0.01156,0
-5.3633e-05,0.011559,0
-4.5995e-05,0.011559,0
-3.8357e-05,0.011559,0
-3.0719e-05,0.011558,0
-2.3081e-05,0.011558,0
-1.5443e-05,0.011558,0
-7.8044e-06,0.011557,0
1.6621e-07,0.011557,0
6.6483e-07,0.011557,0
1.4958e-06,0.011557,0
2.6593e-06,0.011557,0
4.1552e-06,0.011557,0
5.9836e-06,0.011557,0
8.1446e-06,0.011557,0
1.0638e-05,0.011557,0
1.3465e-05,0.011557,0
1.6625e-05,0.011557,0
2.0118e-05,0.011557,0
2.3945e-05,0.011557,0
2.8106e-05,0.011557,0
3.2601e-05,0.011557,0
3.7431e-05,0.011557,0
4.2597e-05,0.011557,0
4.8099e-05,0.011557,0
5.3938e-05,0.011557,0
6.0115e-05,0.011557,0
6.6631e-05,0.011557,0
7.3486e-05,0.011557,0
8.0684e-05,0.011558,0
8.8224e-05,0.011558,0
9.6109e-05,0.011558,0
0.00010434,0.011558,0
0.00011292,0.011558,0
0.00012185,0.011558,0
0.00013113,0.011558,0
0.00014077,0.011559,0
0.00015076,0.011559,0
0.00016112,0.011559,0
0.00017184,0.011559,0
0.00018293,0.01156,0
0.0001944,0.01156,0
0.00020624,0.01156,0
0.00021846,0.011561,0
0.00023107,0.011561,0
0.00024407,0.011562,0
0.00025747,0.011562,0
0.00027127,0.011563,0
0.00028549,0.011563,0
0.00030011,0.011564,0
0.00031517,0.011565,0
0.00033065,0.011565,0
0.00034658,0.011566,0
0.00036295,0.011567,0
0.00037978,0.011568,0
0.00039707,0.011569,0
0.00041484,0.01157,0
0.0004331,0.011572,0
0.00045185,0.011573,0
0.00047111,0.011574,0
0.00049088,0.011576,0
0.00051119,0.011577,0
0.00053204,0.011579,0
0.00055345,0.011581,0
0.00057542,0.011583,0
0.00059798,0.011585,0
0.00062113,0.011587,0
0.00064489,0.011589,0
0.00066928,0.011592,0
0.00069431,0.011594,0
0.00072,0.011597,0
0.00074636,0.0116,0
0.00077341,0.011603,0
0.00080117,0.011607,0
0.00082965,0.01161,0
0.00085886,0.011614,0
0.00088885,0.011618,0
0.00091961,0.011623,0
0.00095117,0.011627,0
0.00098355,0.011632,0
0.0010168,0.011637,0
0.0010508,0.011643,0
0.0010858,0.011649,0
0.0011216,0.011655,0
0.0011584,0.011661,0
0.0011961,0.011668,0
0.0012348,0.011676,0
0.0012744,0.011684,0
0.0013151,0.011692,0
0.0013568,0.011701,0
0.0013996,0.01171,0
0.0014434,0.01172,0
0.0014884,0.01173,0
0.0015118,0.011736,0
0.0016222,0.011763,0
0.0017902,0.011805,0
0.0019938,0.011857,0
0.0022257,0.011918,0
0.0024814,0.011986,0
0.0027578,0.012061,0
0.0030526,0.012141,0
0.0033638,0.012227,0
0.0036899,0.012318,0
0.0040296,0.012412,0
0.0043818,0.012511,0
0.0047454,0.012612,0
0.0051196,0.012717,0
0.0055037,0.012824,0
0.0058971,0.012934,0
0.0062992,0.013045,0
0.0067091,0.013159,0
0.007126,0.013243,0
0.0075495,0.013329,0
0.0079795,0.013416,0
0.0084156,0.013504,0
0.0088576,0.013593,0
0.0093054,0.013683,0
0.0097587,0.013773,0
0.010217,0.013863,0
0.010681,0.013953,0
0.01115,0.014043,0
0.011624,0.014133,0
0.012103,0.014222,0
0.012588,0.014311,0
0.013077,0.014399,0
0.01357,0.014487,0
0.014069,0.014574,0
0.014572,0.01466,0
0.01508,0.014744,0
0.015593,0.014828,0
0.016111,0.014911,0
0.016633,0.014992,0
0.01716,0.015071,0
0.017692,0.01515,0
0.018228,0.015227,0
0.018768,0.015302,0
0.019313,0.015377,0
0.019861,0.01545,0
0.020414,0.015521,0
0.020971,0.015591,0
0.021533,0.015659,0
0.022099,0.015725,0
0.02267,0.015789,0
0.023246,0.015851,0
0.023827,0.015911,0
0.024413,0.015969,0
0.025003,0.016024,0
0.025598,0.016078,0
0.026198,0.01613,0
0.026802,0.016179,0
0.02741,0.016227,0
0.028023,0.016272,0
0.028641,0.016315,0
0.029262,0.016356,0
0.029888,0.016395,0
0.030518,0.016432,0
0.031153,0.016467,0
0.031791,0.016499,0
0.032434,0.01653,0
0.033081,0.016558,0
0.033732,0.016584,0
0.034387,0.016609,0
0.035046,0.016631,0
0.035709,0.01665,0
0.036375,0.016668,0
0.037046,0.016684,0
0.03772,0.016698,0
0.038398,0.016709,0
0.03908,0.016719,0
0.039766,0.016726,0
0.040454,0.016732,0
0.041147,0.016735,0
0.041843,0.016737,0
0.042542,0.016736,0
0.043245,0.016734,0
0.043951,0.01673,0
0.04466,0.016724,0
0.045373,0.016716,0
0.046088,0.016706,0
0.046807,0.016695,0
0.047528,0.016681,0
0.048252,0.016666,0
0.04898,0.01665,0
0.049709,0.016632,0
0.050442,0.016612,0
0.051176,0.016591,0
0.051913,0.016568,0
0.052653,0.016544,0
0.053395,0.016519,0
0.054139,0.016492,0
0.054884,0.016464,0
0.055632,0.016436,0
0.05638,0.016406,0
0.05713,0.016376,0
