-0.10571,0.0254,0
-0.10551,0.0254,0
-0.10531,0.0254,0
-0.10511,0.0254,0
-0.10491,0.0254,0
-0.10471,0.0254,0
-0.10451,0.0254,0
-0.10431,0.0254,0
-0.10411,0.0254,0
-0.10391,0.0254,0
-0.10371,0.0254,0
-0.10351,0.0254,0
-0.10331,0.0254,0
-0.10311,0.0254,0
-0.10291,0.0254,0
-0.10271,0.0254,0
-0.10251,0.0254,0
-0.10231,0.0254,0
-0.10211,0.0254,0
-0.10191,0.0254,0
-0.10171,0.0254,0
-0.10151,0.0254,0
-0.10131,0.0254,0
-0.10111,0.0254,0
-0.10091,0.0254,0
-0.10071,0.0254,0
-0.10051,0.0254,0
-0.10031,0.0254,0
-0.10011,0.0254,0
-0.099911,0.0254,0
-0.099711,0.0254,0
-0.099511,0.0254,0
-0.099311,0.0254,0
-0.099111,0.0254,0
-0.098911,0.0254,0
-0.098711,0.0254,0
-0.098511,0.0254,0
-0.098311,0.0254,0
-0.098111,0.0254,0
-0.097911,0.0254,0
-0.097711,0.0254,0
-0.097511,0.0254,0
-0.097311,0.0254,0
-0.097111,0.0254,0
-0.096911,0.0254,0
-0.096711,0.0254,0
-0.096511,0.0254,0
-0.096311,0.0254,0
-0.096111,0.0254,0
-0.095911,0.0254,0
-0.095711,0.0254,0
-0.095511,0.0254,0
-0.095311,0.0254,0
-0.095111,0.0254,0
-0.094911,0.0254,0
-0.094711,0.0254,0
-0.094511,0.0254,0
-0.094311,0.0254,0
-0.094111,0.0254,0
-0.093911,0.0254,0
-0.093711,0.0254,0
-0.093511,0.0254,0
-0.093311,0.0254,0
-0.093111,0.0254,0
-0.092911,0.0254,0
-0.092711,0.0254,0
-0.092511,0.0254,0
-0.092311,0.0254,0
-0.092111,0.0254,0
-0.091911,0.0254,0
-0.091711,0.0254,0
-0.091511,0.0254,0
-0.091311,0.0254,0
-0.091111,0.0254,0
-0.090911,0.0254,0
-0.090711,0.0254,0
-0.090511,0.0254,0
-0.090311,0.0254,0
-0.090111,0.0254,0
-0.089911,0.0254,0
-0.089711,0.0254,0
-0.089511,0.0254,0
-0.089311,0.0254,0
-0.089111,0.0254,0
-0.088911,0.0254,0
-0.088711,0.0254,0
-0.088511,0.0254,0
-0.088311,0.0254,0
-0.088111,0.0254,0
-0.087911,0.0254,0
-0.087711,0.0254,0
-0.087511,0.0254,0
-0.087311,0.0254,0
-0.087111,0.0254,0
-0.086911,0.0254,0
-0.086711,0.0254,0
-0.086511,0.0254,0
-0.086311,0.0254,0
-0.086111,0.0254,0
-0.085911,0.0254,0
-0.085711,0.0254,0
-0.085511,0.0254,0
-0.085311,0.0254,0
-0.085111,0.0254,0
-0.084911,0.0254,0
-0.084711,0.0254,0
-0.084511,0.0254,0
-0.084311,0.0254,0
-0.084111,0.0254,0
-0.083911,0.0254,0
-0.083711,0.0254,0
-0.083511,0.0254,0
-0.083311,0.0254,0
-0.083111,0.0254,0
-0.082911,0.0254,0
-0.082711,0.0254,0
-0.082511,0.0254,0
-0.082311,0.0254,0
-0.082111,0.0254,0
-0.081911,0.0254,0
-0.081711,0.0254,0
-0.081511,0.0254,0
-0.081311,0.0254,0
-0.081111,0.0254,0
-0.080911,0.0254,0
-0.080711,0.0254,0
-0.080511,0.0254,0
-0.080311,0.0254,0
-0.080111,0.0254,0
-0.079911,0.0254,0
-0.079711,0.0254,0
-0.079511,0.0254,0
-0.079311,0.0254,0
-0.079111,0.0254,0
-0.078911,0.0254,0
-0.078711,0.0254,0
-0.078511,0.0254,0
-0.078311,0.0254,0
-0.078111,0.0254,0
-0.077911,0.0254,0
-0.077711,0.0254,0
-0.077511,0.0254,0
-0.077311,0.0254,0
-0.077111,0.0254,0
-0.076911,0.0254,0
-0.076711,0.0254,0
-0.076511,0.0254,0
-0.076311,0.0254,0
-0.076111,0.0254,0
-0.075911,0.0254,0
-0.075711,0.0254,0
-0.075511,0.0254,0
-0.075311,0.0254,0
-0.075111,0.0254,0
-0.074911,0.0254,0
-0.074711,0.0254,0
-0.074511,0.0254,0
-0.074311,0.0254,0
-0.074111,0.0254,0
-0.073911,0.0254,0
-0.073711,0.0254,0
-0.073511,0.0254,0
-0.073311,0.0254,0
-0.073111,0.0254,0
-0.072911,0.0254,0
-0.072711,0.0254,0
-0.072511,0.0254,0
-0.072311,0.0254,0
-0.072111,0.0254,0
-0.071911,0.0254,0
-0.071711,0.0254,0
-0.071511,0.0254,0
-0.071311,0.0254,0
-0.071111,0.0254,0
-0.070911,0.0254,0
-0.070711,0.0254,0
-0.070511,0.0254,0
-0.070311,0.0254,0
-0.070111,0.0254,0
-0.069911,0.0254,0
-0.069711,0.0254,0
-0.069511,0.0254,0
-0.069311,0.0254,0
-0.069111,0.0254,0
-0.068911,0.0254,0
-0.068711,0.0254,0
-0.068511,0.0254,0
-0.068311,0.0254,0
-0.068111,0.0254,0
-0.067911,0.0254,0
-0.067711,0.0254,0
-0.067511,0.0254,0
-0.067311,0.0254,0
-0.067111,0.0254,0
-0.066911,0.0254,0
-0.066711,0.0254,0
-0.066511,0.0254,0
-0.066311,0.0254,0
-0.066111,0.0254,0
-0.065911,0.0254,0
-0.065711,0.0254,0
-0.065511,0.0254,0
-0.065311,0.0254,0
-0.065111,0.0254,0
-0.064911,0.0254,0
-0.064711,0.0254,0
-0.064511,0.0254,0
-0.064311,0.0254,0
-0.064111,0.0254,0
-0.063911,0.0254,0
-0.063711,0.0254,0
-0.063511,0.0254,0
-0.063311,0.0254,0
-0.063111,0.0254,0
-0.062911,0.0254,0
-0.062711,0.0254,0
-0.062511,0.0254,0
-0.062311,0.0254,0
-0.062111,0.0254,0
-0.061911,0.0254,0
-0.061711,0.0254,0
-0.061511,0.0254,0
-0.061311,0.0254,0
-0.061111,0.0254,0
-0.060911,0.0254,0
-0.060711,0.0254,0
-0.060511,0.0254,0
-0.060311,0.0254,0
-0.060111,0.0254,0
-0.059911,0.0254,0
-0.059711,0.0254,0
-0.059511,0.0254,0
-0.059311,0.0254,0
-0.059111,0.0254,0
-0.058911,0.0254,0
-0.058711,0.0254,0
-0.058511,0.0254,0
-0.058311,0.0254,0
-0.058111,0.0254,0
-0.057911,0.0254,0
-0.057711,0.0254,0
-0.057511,0.0254,0
-0.057311,0.0254,0
-0.057111,0.0254,0
-0.056911,0.0254,0
-0.056711,0.0254,0
-0.056511,0.0254,0
-0.056311,0.0254,0
-0.056111,0.0254,0
-0.055911,0.0254,0
-0.055711,0.0254,0
-0.055511,0.0254,0
-0.055311,0.0254,0
-0.055111,0.0254,0
-0.054911,0.0254,0
-0.054711,0.0254,0
-0.054511,0.0254,0
-0.054311,0.0254,0
-0.054111,0.0254,0
-0.053911,0.0254,0
-0.053711,0.0254,0
-0.053511,0.0254,0
-0.053311,0.0254,0
-0.053111,0.0254,0
-0.052911,0.0254,0
-0.052711,0.0254,0
-0.052511,0.0254,0
-0.052311,0.0254,0
-0.052111,0.0254,0
-0.051911,0.0254,0
-0.051711,0.0254,0
-0.051511,0.0254,0
-0.051311,0.0254,0
-0.051111,0.0254,0
-0.050911,0.0254,0
-0.050711,0.0254,0
-0.050511,0.0254,0
-0.050311,0.0254,0
-0.050111,0.0254,0
-0.049911,0.0254,0
-0.049711,0.0254,0
-0.049511,0.0254,0
-0.049311,0.0254,0
-0.049111,0.0254,0
-0.048911,0.0254,0
-0.048711,0.0254,0
-0.048511,0.0254,0
-0.048311,0.0254,0
-0.048111,0.0254,0
-0.047911,0.0254,0
-0.047711,0.0254,0
-0.047511,0.0254,0
-0.047311,0.0254,0
-0.047111,0.0254,0
-0.046911,0.0254,0
-0.046711,0.0254,0
-0.046511,0.0254,0
-0.046311,0.0254,0
-0.046111,0.0254,0
-0.045911,0.0254,0
-0.045711,0.0254,0
-0.045511,0.0254,0
-0.045311,0.0254,0
-0.045111,0.0254,0
-0.044911,0.0254,0
-0.044711,0.0254,0
-0.044511,0.0254,0
-0.044311,0.0254,0
-0.044111,0.0254,0
-0.043911,0.0254,0
-0.043711,0.0254,0
-0.043511,0.0254,0
-0.043311,0.0254,0
-0.043111,0.0254,0
-0.042911,0.0254,0
-0.042711,0.0254,0
-0.042511,0.0254,0
-0.042311,0.0254,0
-0.042111,0.0254,0
-0.041911,0.0254,0
-0.041711,0.0254,0
-0.041511,0.0254,0
-0.041311,0.0254,0
-0.041111,0.0254,0
-0.040911,0.0254,0
-0.040711,0.0254,0
-0.040511,0.0254,0
-0.040311,0.0254,0
-0.040111,0.0254,0
-0.039911,0.0254,0
-0.039711,0.0254,0
-0.039511,0.0254,0
-0.039311,0.0254,0
-0.039111,0.0254,0
-0.038911,0.0254,0
-0.038711,0.0254,0
-0.038511,0.0254,0
-0.038311,0.0254,0
-0.038111,0.0254,0
-0.037911,0.0254,0
-0.037711,0.0254,0
-0.037511,0.0254,0
-0.037311,0.0254,0
-0.037111,0.0254,0
-0.036911,0.0254,0
-0.036711,0.0254,0
-0.036511,0.0254,0
-0.036311,0.0254,0
-0.036111,0.0254,0
-0.035911,0.0254,0
-0.035711,0.0254,0
-0.035511,0.0254,0
-0.035311,0.0254,0
-0.035111,0.0254,0
-0.034911,0.0254,0
-0.034711,0.0254,0
-0.034511,0.0254,0
-0.034311,0.0254,0
-0.034111,0.0254,0
-0.033911,0.0254,0
-0.033711,0.0254,0
-0.033511,0.0254,0
-0.033311,0.0254,0
-0.033111,0.0254,0
-0.032911,0.0254,0
-0.032711,0.0254,0
-0.032511,0.0254,0
-0.032311,0.0254,0
-0.032111,0.0254,0
-0.031911,0.0254,0
-0.031711,0.0254,0
-0.031511,0.0254,0
-0.031311,0.0254,0
-0.031111,0.0254,0
-0.030911,0.0254,0
-0.030711,0.0254,0
-0.030511,0.0254,0
-0.030311,0.0254,0
-0.030111,0.0254,0
-0.029911,0.0254,0
-0.029711,0.0254,0
-0.029511,0.0254,0
-0.029311,0.0254,0
-0.029111,0.0254,0
-0.028911,0.0254,0
-0.028711,0.0254,0
-0.028511,0.0254,0
-0.028311,0.0254,0
-0.028111,0.0254,0
-0.027911,0.0254,0
-0.027711,0.0254,0
-0.027511,0.0254,0
-0.027311,0.0254,0
-0.027111,0.0254,0
-0.026969,0.0254,0
-0.026961,0.0254,0
-0.026954,0.0254,0
-0.026946,0.0254,0
-0.026938,0.0254,0
-0.026931,0.0254,0
-0.026923,0.0254,0
-0.026915,0.0254,0
-0.026908,0.0254,0
-0.0269,0.0254,0
-0.026892,0.0254,0
-0.026885,0.0254,0
-0.026877,0.0254,0
-0.02687,0.0254,0
-0.026862,0.025399,0
-0.026854,0.025399,0
-0.026847,0.025399,0
-0.026839,0.025399,0
-0.026831,0.025399,0
-0.026824,0.025399,0
-0.026816,0.025399,0
-0.026808,0.025399,0
-0.026801,0.025399,0
-0.026793,0.025398,0
-0.026786,0.025398,0
-0.026778,0.025398,0
-0.02677,0.025398,0
-0.026763,0.025398,0
-0.026755,0.025398,0
-0.026747,0.025398,0
-0.02674,0.025397,0
-0.026732,0.025397,0
-0.026724,0.025397,0
-0.026717,0.025397,0
-0.026709,0.025397,0
-0.026702,0.025396,0
-0.026694,0.025396,0
-0.026686,0.025396,0
-0.026679,0.025396,0
-0.026671,0.025395,0
-0.026663,0.025395,0
-0.026656,0.025395,0
-0.026648,0.025395,0
-0.02664,0.025394,0
-0.026633,0.025394,0
-0.026625,0.025394,0
-0.026618,0.025394,0
-0.02661,0.025393,0
-0.026602,0.025393,0
-0.026595,0.025393,0
-0.026587,0.025393,0
-0.026579,0.025392,0
-0.026572,0.025392,0
-0.026564,0.025392,0
-0.026557,0.025391,0
-0.026549,0.025391,0
-0.026541,0.025391,0
-0.026534,0.02539,0
-0.026526,0.02539,0
-0.026518,0.02539,0
-0.026511,0.025389,0
-0.026503,0.025389,0
-0.026495,0.025389,0
-0.026488,0.025388,0
-0.02648,0.025388,0
-0.026473,0.025387,0
-0.026465,0.025387,0
-0.026457,0.025387,0
-0.02645,0.025386,0
-0.026442,0.025386,0
-0.026434,0.025385,0
-0.026427,0.025385,0
-0.026419,0.025384,0
-0.026412,0.025384,0
-0.026404,0.025384,0
-0.026396,0.025383,0
-0.026389,0.025383,0
-0.026381,0.025382,0
-0.026373,0.025382,0
-0.026366,0.025381,0
-0.026358,0.025381,0
-0.026351,0.02538,0
-0.026343,0.02538,0
-0.026335,0.025379,0
-0.026328,0.025379,0
-0.02632,0.025378,0
-0.026312,0.025378,0
-0.026305,0.025377,0
-0.026297,0.025377,0
-0.02629,0.025376,0
-0.026282,0.025376,0
-0.026274,0.025375,0
-0.026267,0.025375,0
-0.026259,0.025374,0
-0.026252,0.025374,0
-0.026244,0.025373,0
-0.026236,0.025372,0
-0.026229,0.025372,0
-0.026221,0.025371,0
-0.026213,0.025371,0
-0.026206,0.02537,0
-0.026198,0.025369,0
-0.026191,0.025369,0
-0.026183,0.025368,0
-0.026175,0.025368,0
-0.026168,0.025367,0
-0.02616,0.025366,0
-0.026153,0.025366,0
-0.026145,0.025365,0
-0.026137,0.025364,0
-0.02613,0.025364,0
-0.026122,0.025363,0
-0.026114,0.025362,0
-0.026107,0.025362,0
-0.026099,0.025361,0
-0.026092,0.02536,0
-0.026084,0.02536,0
-0.026076,0.025359,0
-0.026069,0.025358,0
-0.026061,0.025358,0
-0.026054,0.025357,0
-0.026046,0.025356,0
-0.026038,0.025355,0
-0.026031,0.025355,0
-0.026023,0.025354,0
-0.026016,0.025353,0
-0.026008,0.025352,0
-0.026,0.025352,0
-0.025993,0.025351,0
-0.025985,0.02535,0
-0.025978,0.025349,0
-0.02597,0.025349,0
-0.025962,0.025348,0
-0.025955,0.025347,0
-0.025947,0.025346,0
-0.02594,0.025345,0
-0.025932,0.025345,0
-0.025924,0.025344,0
-0.025917,0.025343,0
-0.025909,0.025342,0
-0.025902,0.025341,0
-0.025894,0.02534,0
-0.025886,0.02534,0
-0.025879,0.025339,0
-0.025871,0.025338,0
-0.025864,0.025337,0
-0.025856,0.025336,0
-0.025849,0.025335,0
-0.025841,0.025334,0
-0.025833,0.025333,0
-0.025826,0.025333,0
-0.025818,0.025332,0
-0.025811,0.025331,0
-0.025803,0.02533,0
-0.025795,0.025329,0
-0.025788,0.025328,0
-0.02578,0.025327,0
-0.025773,0.025326,0
-0.025765,0.025325,0
-0.025758,0.025324,0
-0.02575,0.025323,0
-0.025742,0.025322,0
-0.025735,0.025321,0
-0.025727,0.02532,0
-0.02572,0.025319,0
-0.025712,0.025318,0
-0.025705,0.025317,0
-0.025697,0.025316,0
-0.025689,0.025315,0
-0.025682,0.025314,0
-0.025674,0.025313,0
-0.025667,0.025312,0
-0.025659,0.025311,0
-0.025652,0.02531,0
-0.025644,0.025309,0
-0.025636,0.025308,0
-0.025629,0.025307,0
-0.025621,0.025306,0
-0.025614,0.025305,0
-0.025606,0.025304,0
-0.025599,0.025303,0
-0.025591,0.025302,0
-0.025583,0.025301,0
-0.025576,0.0253,0
-0.025568,0.025299,0
-0.025561,0.025297,0
-0.025553,0.025296,0
-0.025546,0.025295,0
-0.025538,0.025294,0
-0.025531,0.025293,0
-0.025523,0.025292,0
-0.025515,0.025291,0
-0.025508,0.02529,0
-0.0255,0.025288,0
-0.025493,0.025287,0
-0.025485,0.025286,0
-0.025478,0.025285,0
-0.02547,0.025284,0
-0.025463,0.025283,0
-0.025455,0.025281,0
-0.025448,0.02528,0
-0.02544,0.025279,0
-0.025432,0.025278,0
-0.025425,0.025277,0
-0.025417,0.025275,0
-0.02541,0.025274,0
-0.025402,0.025273,0
-0.025395,0.025272,0
-0.025387,0.02527,0
-0.02538,0.025269,0
-0.025372,0.025268,0
-0.025365,0.025267,0
-0.025357,0.025265,0
-0.02535,0.025264,0
-0.025342,0.025263,0
-0.025334,0.025262,0
-0.025327,0.02526,0
-0.025319,0.025259,0
-0.025312,0.025258,0
-0.025304,0.025256,0
-0.025297,0.025255,0
-0.025289,0.025254,0
-0.025282,0.025252,0
-0.025274,0.025251,0
-0.025267,0.02525,0
-0.025259,0.025248,0
-0.025252,0.025247,0
-0.025244,0.025246,0
-0.025237,0.025244,0
-0.025229,0.025243,0
-0.025222,0.025242,0
-0.025214,0.02524,0
-0.025207,0.025239,0
-0.025199,0.025238,0
-0.025192,0.025236,0
-0.025184,0.025235,0
-0.025177,0.025233,0
-0.025169,0.025232,0
-0.025162,0.02523,0
-0.025154,0.025229,0
-0.025147,0.025228,0
-0.025139,0.025226,0
-0.025132,0.025225,0
-0.025124,0.025223,0
-0.025117,0.025222,0
-0.025109,0.02522,0
-0.025102,0.025219,0
-0.025094,0.025217,0
-0.025087,0.025216,0
-0.025079,0.025214,0
-0.025072,0.025213,0
-0.025064,0.025212,0
-0.025057,0.02521,0
-0.025049,0.025208,0
-0.025042,0.025207,0
-0.025034,0.025205,0
-0.025027,0.025204,0
-0.025019,0.025202,0
-0.025012,0.025201,0
-0.025004,0.025199,0
-0.024997,0.025198,0
-0.024989,0.025196,0
-0.024982,0.025195,0
-0.024974,0.025193,0
-0.024967,0.025192,0
-0.024959,0.02519,0
-0.024952,0.025188,0
-0.024944,0.025187,0
-0.024937,0.025185,0
-0.024929,0.025184,0
-0.024922,0.025182,0
-0.024915,0.02518,0
-0.024907,0.025179,0
-0.0249,0.025177,0
-0.024892,0.025176,0
-0.024885,0.025174,0
-0.024877,0.025172,0
-0.02487,0.025171,0
-0.024862,0.025169,0
-0.024855,0.025167,0
-0.024847,0.025166,0
-0.02484,0.025164,0
-0.024832,0.025162,0
-0.024825,0.025161,0
-0.024818,0.025159,0
-0.02481,0.025157,0
-0.024803,0.025155,0
-0.024795,0.025154,0
-0.024788,0.025152,0
-0.02478,0.02515,0
-0.024773,0.025149,0
-0.024765,0.025147,0
-0.024758,0.025145,0
-0.024751,0.025143,0
-0.024743,0.025142,0
-0.024736,0.02514,0
-0.024728,0.025138,0
-0.024721,0.025136,0
-0.024713,0.025135,0
-0.024706,0.025133,0
-0.024699,0.025131,0
-0.024691,0.025129,0
-0.024684,0.025127,0
-0.024676,0.025126,0
-0.024669,0.025124,0
-0.024661,0.025122,0
-0.024654,0.02512,0
-0.024647,0.025118,0
-0.024639,0.025117,0
-0.024632,0.025115,0
-0.024624,0.025113,0
-0.024617,0.025111,0
-0.02461,0.025109,0
-0.024602,0.025107,0
-0.024595,0.025106,0
-0.024587,0.025104,0
-0.02458,0.025102,0
-0.024573,0.0251,0
-0.024565,0.025098,0
-0.024558,0.025096,0
-0.02455,0.025094,0
-0.024543,0.025092,0
-0.024536,0.02509,0
-0.024528,0.025088,0
-0.024521,0.025087,0
-0.024513,0.025085,0
-0.024506,0.025083,0
-0.024499,0.025081,0
-0.024491,0.025079,0
-0.024484,0.025077,0
-0.024476,0.025075,0
-0.024469,0.025073,0
-0.024462,0.025071,0
-0.024454,0.025069,0
-0.024447,0.025067,0
-0.02444,0.025065,0
-0.024432,0.025063,0
-0.024425,0.025061,0
-0.024417,0.025059,0
-0.02441,0.025057,0
-0.024403,0.025055,0
-0.024395,0.025053,0
-0.024388,0.025051,0
-0.024381,0.025049,0
-0.024373,0.025047,0
-0.024366,0.025045,0
-0.024359,0.025043,0
-0.024351,0.025041,0
-0.024344,0.025039,0
-0.024336,0.025037,0
-0.024329,0.025035,0
-0.024322,0.025032,0
-0.024314,0.02503,0
-0.024307,0.025028,0
-0.0243,0.025026,0
-0.024292,0.025024,0
-0.024285,0.025022,0
-0.024278,0.02502,0
-0.02427,0.025018,0
-0.024263,0.025016,0
-0.024256,0.025014,0
-0.024248,0.025011,0
-0.024241,0.025009,0
-0.024234,0.025007,0
-0.024226,0.025005,0
-0.024219,0.025003,0
-0.024212,0.025001,0
-0.024204,0.024998,0
-0.024197,0.024996,0
-0.02419,0.024994,0
-0.024182,0.024992,0
-0.024175,0.02499,0
-0.024168,0.024988,0
-0.02416,0.024985,0
-0.024153,0.024983,0
-0.024146,0.024981,0
-0.024139,0.024979,0
-0.024131,0.024976,0
-0.024124,0.024974,0
-0.024117,0.024972,0
-0.024109,0.02497,0
-0.024102,0.024967,0
-0.024095,0.024965,0
-0.024087,0.024963,0
-0.02408,0.024961,0
-0.024073,0.024958,0
-0.024066,0.024956,0
-0.024058,0.024954,0
-0.024051,0.024952,0
-0.024044,0.024949,0
-0.024036,0.024947,0
-0.024029,0.024945,0
-0.024022,0.024942,0
-0.024015,0.02494,0
-0.024007,0.024938,0
-0.024,0.024935,0
-0.023993,0.024933,0
-0.023985,0.024931,0
-0.023978,0.024928,0
-0.023971,0.024926,0
-0.023964,0.024924,0
-0.023956,0.024921,0
-0.023949,0.024919,0
-0.023942,0.024916,0
-0.023935,0.024914,0
-0.023927,0.024912,0
-0.02392,0.024909,0
-0.023913,0.024907,0
-0.023906,0.024905,0
-0.023898,0.024902,0
-0.023891,0.0249,0
-0.023884,0.024897,0
-0.023877,0.024895,0
-0.023869,0.024892,0
-0.023862,0.02489,0
-0.023855,0.024888,0
-0.023848,0.024885,0
-0.02384,0.024883,0
-0.023833,0.02488,0
-0.023826,0.024878,0
-0.023819,0.024875,0
-0.023812,0.024873,0
-0.023804,0.02487,0
-0.023797,0.024868,0
-0.02379,0.024865,0
-0.023783,0.024863,0
-0.023775,0.02486,0
-0.023768,0.024858,0
-0.023761,0.024855,0
-0.023754,0.024853,0
-0.023747,0.02485,0
-0.023739,0.024848,0
-0.023732,0.024845,0
-0.023725,0.024843,0
-0.023718,0.02484,0
-0.023711,0.024837,0
-0.023703,0.024835,0
-0.023696,0.024832,0
-0.023689,0.02483,0
-0.023682,0.024827,0
-0.023675,0.024825,0
-0.023667,0.024822,0
-0.02366,0.024819,0
-0.023653,0.024817,0
-0.023646,0.024814,0
-0.023639,0.024812,0
-0.023632,0.024809,0
-0.023624,0.024806,0
-0.023617,0.024804,0
-0.02361,0.024801,0
-0.023603,0.024798,0
-0.023596,0.024796,0
-0.023589,0.024793,0
-0.023581,0.02479,0
-0.023574,0.024788,0
-0.023567,0.024785,0
-0.02356,0.024782,0
-0.023553,0.02478,0
-0.023546,0.024777,0
-0.023539,0.024774,0
-0.023531,0.024772,0
-0.023524,0.024769,0
-0.023517,0.024766,0
-0.02351,0.024763,0
-0.023503,0.024761,0
-0.023496,0.024758,0
-0.023489,0.024755,0
-0.023481,0.024753,0
-0.023474,0.02475,0
-0.023467,0.024747,0
-0.02346,0.024744,0
-0.023453,0.024742,0
-0.023446,0.024739,0
-0.023439,0.024736,0
-0.023432,0.024733,0
-0.023424,0.02473,0
-0.023417,0.024728,0
-0.02341,0.024725,0
-0.023403,0.024722,0
-0.023396,0.024719,0
-0.023389,0.024716,0
-0.023382,0.024714,0
-0.023375,0.024711,0
-0.023368,0.024708,0
-0.023361,0.024705,0
-0.023353,0.024702,0
-0.023346,0.024699,0
-0.023339,0.024697,0
-0.023332,0.024694,0
-0.023325,0.024691,0
-0.023318,0.024688,0
-0.023311,0.024685,0
-0.023304,0.024682,0
-0.023297,0.024679,0
-0.02329,0.024676,0
-0.023283,0.024674,0
-0.023276,0.024671,0
-0.023269,0.024668,0
-0.023261,0.024665,0
-0.023254,0.024662,0
-0.023247,0.024659,0
-0.02324,0.024656,0
-0.023233,0.024653,0
-0.023226,0.02465,0
-0.023219,0.024647,0
-0.023212,0.024644,0
-0.023205,0.024641,0
-0.023198,0.024638,0
-0.023191,0.024635,0
-0.023184,0.024632,0
-0.023177,0.02463,0
-0.02317,0.024627,0
-0.023163,0.024624,0
-0.023156,0.024621,0
-0.023149,0.024618,0
-0.023142,0.024615,0
-0.023135,0.024612,0
-0.023128,0.024609,0
-0.023121,0.024605,0
-0.023114,0.024602,0
-0.023107,0.024599,0
-0.0231,0.024596,0
-0.023093,0.024593,0
-0.023086,0.02459,0
-0.023079,0.024587,0
-0.023072,0.024584,0
-0.023065,0.024581,0
-0.023058,0.024578,0
-0.023051,0.024575,0
-0.023044,0.024572,0
-0.023037,0.024569,0
-0.02303,0.024566,0
-0.023023,0.024563,0
-0.023016,0.024559,0
-0.023009,0.024556,0
-0.023002,0.024553,0
-0.022995,0.02455,0
-0.022988,0.024547,0
-0.022981,0.024544,0
-0.022974,0.024541,0
-0.022967,0.024538,0
-0.02296,0.024534,0
-0.022953,0.024531,0
-0.022946,0.024528,0
-0.022939,0.024525,0
-0.022932,0.024522,0
-0.022925,0.024519,0
-0.022918,0.024515,0
-0.022911,0.024512,0
-0.022904,0.024509,0
-0.022898,0.024506,0
-0.022891,0.024503,0
-0.022884,0.024499,0
-0.022877,0.024496,0
-0.02287,0.024493,0
-0.022863,0.02449,0
-0.022856,0.024487,0
-0.022849,0.024483,0
-0.022842,0.02448,0
-0.022835,0.024477,0
-0.022828,0.024474,0
-0.022821,0.02447,0
-0.022815,0.024467,0
-0.022808,0.024464,0
-0.022801,0.024461,0
-0.022794,0.024457,0
-0.022787,0.024454,0
-0.02278,0.024451,0
-0.022773,0.024447,0
-0.022766,0.024444,0
-0.022759,0.024441,0
-0.022752,0.024437,0
-0.022746,0.024434,0
-0.022739,0.024431,0
-0.022732,0.024427,0
-0.022725,0.024424,0
-0.022718,0.024421,0
-0.022711,0.024417,0
-0.022704,0.024414,0
-0.022698,0.024411,0
-0.022691,0.024407,0
-0.022684,0.024404,0
-0.022677,0.024401,0
-0.02267,0.024397,0
-0.022663,0.024394,0
-0.022656,0.024391,0
-0.02265,0.024387,0
-0.022643,0.024384,0
-0.022636,0.02438,0
-0.022629,0.024377,0
-0.022622,0.024373,0
-0.022615,0.02437,0
-0.022609,0.024367,0
-0.022602,0.024363,0
-0.022595,0.02436,0
-0.022588,0.024356,0
-0.022581,0.024353,0
-0.022574,0.024349,0
-0.022568,0.024346,0
-0.022561,0.024343,0
-0.022554,0.024339,0
-0.022547,0.024336,0
-0.02254,0.024332,0
-0.022534,0.024329,0
-0.022527,0.024325,0
-0.02252,0.024322,0
-0.022513,0.024318,0
-0.022506,0.024315,0
-0.0225,0.024311,0
-0.022493,0.024308,0
-0.022486,0.024304,0
-0.022479,0.024301,0
-0.022473,0.024297,0
-0.022466,0.024293,0
-0.022459,0.02429,0
-0.022452,0.024286,0
-0.022446,0.024283,0
-0.022439,0.024279,0
-0.022432,0.024276,0
-0.022425,0.024272,0
-0.022418,0.024269,0
-0.022412,0.024265,0
-0.022405,0.024261,0
-0.022398,0.024258,0
-0.022392,0.024254,0
-0.022385,0.024251,0
-0.022378,0.024247,0
-0.022371,0.024243,0
-0.022365,0.02424,0
-0.022358,0.024236,0
-0.022351,0.024233,0
-0.022344,0.024229,0
-0.022338,0.024225,0
-0.022331,0.024222,0
-0.022324,0.024218,0
-0.022318,0.024214,0
-0.022311,0.024211,0
-0.022304,0.024207,0
-0.022297,0.024203,0
-0.022291,0.0242,0
-0.022284,0.024196,0
-0.022277,0.024192,0
-0.022271,0.024189,0
-0.022264,0.024185,0
-0.022257,0.024181,0
-0.022251,0.024177,0
-0.022244,0.024174,0
-0.022237,0.02417,0
-0.022231,0.024166,0
-0.022224,0.024163,0
-0.022217,0.024159,0
-0.022211,0.024155,0
-0.022204,0.024151,0
-0.022197,0.024148,0
-0.022191,0.024144,0
-0.022184,0.02414,0
-0.022177,0.024136,0
-0.022171,0.024133,0
-0.022164,0.024129,0
-0.022157,0.024125,0
-0.022151,0.024121,0
-0.022144,0.024117,0
-0.022138,0.024114,0
-0.022131,0.02411,0
-0.022124,0.024106,0
-0.022118,0.024102,0
-0.022111,0.024098,0
-0.022104,0.024095,0
-0.022098,0.024091,0
-0.022091,0.024087,0
-0.022085,0.024083,0
-0.022078,0.024079,0
-0.022071,0.024075,0
-0.022065,0.024072,0
-0.022058,0.024068,0
-0.022052,0.024064,0
-0.022045,0.02406,0
-0.022039,0.024056,0
-0.022032,0.024052,0
-0.022025,0.024048,0
-0.022019,0.024044,0
-0.022012,0.024041,0
-0.022006,0.024037,0
-0.021999,0.024033,0
-0.021993,0.024029,0
-0.021986,0.024025,0
-0.021979,0.024021,0
-0.021973,0.024017,0
-0.021966,0.024013,0
-0.02196,0.024009,0
-0.021953,0.024005,0
-0.021947,0.024001,0
-0.02194,0.023997,0
-0.021934,0.023993,0
-0.021927,0.023989,0
-0.021921,0.023985,0
-0.021914,0.023982,0
-0.021908,0.023978,0
-0.021901,0.023974,0
-0.021894,0.02397,0
-0.021888,0.023966,0
-0.021881,0.023962,0
-0.021875,0.023958,0
-0.021868,0.023954,0
-0.021862,0.02395,0
-0.021855,0.023946,0
-0.021849,0.023942,0
-0.021842,0.023937,0
-0.021836,0.023933,0
-0.021829,0.023929,0
-0.021823,0.023925,0
-0.021817,0.023921,0
-0.02181,0.023917,0
-0.021804,0.023913,0
-0.021797,0.023909,0
-0.021791,0.023905,0
-0.021784,0.023901,0
-0.021778,0.023897,0
-0.021771,0.023893,0
-0.021765,0.023889,0
-0.021758,0.023885,0
-0.021752,0.023881,0
-0.021745,0.023876,0
-0.021739,0.023872,0
-0.021733,0.023868,0
-0.021726,0.023864,0
-0.02172,0.02386,0
-0.021713,0.023856,0
-0.021707,0.023852,0
-0.0217,0.023848,0
-0.021694,0.023843,0
-0.021688,0.023839,0
-0.021681,0.023835,0
-0.021675,0.023831,0
-0.021668,0.023827,0
-0.021662,0.023823,0
-0.021656,0.023818,0
-0.021649,0.023814,0
-0.021643,0.02381,0
-0.021636,0.023806,0
-0.02163,0.023802,0
-0.021624,0.023798,0
-0.021617,0.023793,0
-0.021611,0.023789,0
-0.021605,0.023785,0
-0.021598,0.023781,0
-0.021592,0.023776,0
-0.021586,0.023772,0
-0.021579,0.023768,0
-0.021573,0.023764,0
-0.021566,0.02376,0
-0.02156,0.023755,0
-0.021554,0.023751,0
-0.021547,0.023747,0
-0.021541,0.023742,0
-0.021535,0.023738,0
-0.021528,0.023734,0
-0.021522,0.02373,0
-0.021516,0.023725,0
-0.021509,0.023721,0
-0.021503,0.023717,0
-0.021497,0.023712,0
-0.021491,0.023708,0
-0.021484,0.023704,0
-0.021478,0.0237,0
-0.021472,0.023695,0
-0.021465,0.023691,0
-0.021459,0.023687,0
-0.021453,0.023682,0
-0.021446,0.023678,0
-0.02144,0.023674,0
-0.021434,0.023669,0
-0.021428,0.023665,0
-0.021421,0.023661,0
-0.021415,0.023656,0
-0.021409,0.023652,0
-0.021403,0.023647,0
-0.021396,0.023643,0
-0.02139,0.023639,0
-0.021384,0.023634,0
-0.021378,0.02363,0
-0.021371,0.023625,0
-0.021365,0.023621,0
-0.021359,0.023617,0
-0.021353,0.023612,0
-0.021346,0.023608,0
-0.02134,0.023603,0
-0.021334,0.023599,0
-0.021328,0.023595,0
-0.021321,0.02359,0
-0.021315,0.023586,0
-0.021309,0.023581,0
-0.021303,0.023577,0
-0.021297,0.023572,0
-0.02129,0.023568,0
-0.021284,0.023563,0
-0.021278,0.023559,0
-0.021272,0.023554,0
-0.021266,0.02355,0
-0.021259,0.023545,0
-0.021253,0.023541,0
-0.021247,0.023536,0
-0.021241,0.023532,0
-0.021235,0.023527,0
-0.021229,0.023523,0
-0.021222,0.023518,0
-0.021216,0.023514,0
-0.02121,0.023509,0
-0.021204,0.023505,0
-0.021198,0.0235,0
-0.021192,0.023496,0
-0.021186,0.023491,0
-0.021179,0.023487,0
-0.021173,0.023482,0
-0.021167,0.023478,0
-0.021161,0.023473,0
-0.021155,0.023468,0
-0.021149,0.023464,0
-0.021143,0.023459,0
-0.021137,0.023455,0
-0.02113,0.02345,0
-0.021124,0.023446,0
-0.021118,0.023441,0
-0.021112,0.023436,0
-0.021106,0.023432,0
-0.0211,0.023427,0
-0.021094,0.023422,0
-0.021088,0.023418,0
-0.021082,0.023413,0
-0.021076,0.023409,0
-0.02107,0.023404,0
-0.021064,0.023399,0
-0.021057,0.023395,0
-0.021051,0.02339,0
-0.021045,0.023385,0
-0.021039,0.023381,0
-0.021033,0.023376,0
-0.021027,0.023371,0
-0.021021,0.023367,0
-0.021015,0.023362,0
-0.021009,0.023357,0
-0.021003,0.023353,0
-0.020997,0.023348,0
-0.020991,0.023343,0
-0.020985,0.023339,0
-0.020979,0.023334,0
-0.020973,0.023329,0
-0.020967,0.023324,0
-0.020961,0.02332,0
-0.020955,0.023315,0
-0.020949,0.02331,0
-0.020943,0.023306,0
-0.020937,0.023301,0
-0.020931,0.023296,0
-0.020925,0.023291,0
-0.020919,0.023287,0
-0.020913,0.023282,0
-0.020907,0.023277,0
-0.020901,0.023272,0
-0.020895,0.023267,0
-0.020889,0.023263,0
-0.020883,0.023258,0
-0.020877,0.023253,0
-0.020871,0.023248,0
-0.020865,0.023244,0
-0.020859,0.023239,0
-0.020853,0.023234,0
-0.020848,0.023229,0
-0.020842,0.023224,0
-0.020836,0.02322,0
-0.02083,0.023215,0
-0.020824,0.02321,0
-0.020818,0.023205,0
-0.020812,0.0232,0
-0.020806,0.023195,0
-0.0208,0.02319,0
-0.020794,0.023186,0
-0.020788,0.023181,0
-0.020783,0.023176,0
-0.020777,0.023171,0
-0.020771,0.023166,0
-0.020765,0.023161,0
-0.020759,0.023156,0
-0.020753,0.023152,0
-0.020747,0.023147,0
-0.020741,0.023142,0
-0.020736,0.023137,0
-0.02073,0.023132,0
-0.020724,0.023127,0
-0.020718,0.023122,0
-0.020712,0.023117,0
-0.020706,0.023112,0
-0.0207,0.023107,0
-0.020695,0.023102,0
-0.020689,0.023098,0
-0.020683,0.023093,0
-0.020677,0.023088,0
-0.020671,0.023083,0
-0.020666,0.023078,0
-0.02066,0.023073,0
-0.020654,0.023068,0
-0.020648,0.023063,0
-0.020642,0.023058,0
-0.020637,0.023053,0
-0.020631,0.023048,0
-0.020625,0.023043,0
-0.020619,0.023038,0
-0.020613,0.023033,0
-0.020608,0.023028,0
-0.020602,0.023023,0
-0.020596,0.023018,0
-0.02059,0.023013,0
-0.020585,0.023008,0
-0.020579,0.023003,0
-0.020573,0.022998,0
-0.020567,0.022993,0
-0.020562,0.022988,0
-0.020556,0.022983,0
-0.02055,0.022978,0
-0.020544,0.022973,0
-0.020539,0.022968,0
-0.020533,0.022963,0
-0.020527,0.022957,0
-0.020521,0.022952,0
-0.020516,0.022947,0
-0.02051,0.022942,0
-0.020504,0.022937,0
-0.020499,0.022932,0
-0.020493,0.022927,0
-0.020487,0.022922,0
-0.020482,0.022917,0
-0.020476,0.022912,0
-0.02047,0.022907,0
-0.020465,0.022902,0
-0.020459,0.022896,0
-0.020453,0.022891,0
-0.020448,0.022886,0
-0.020442,0.022881,0
-0.020436,0.022876,0
-0.020431,0.022871,0
-0.020425,0.022866,0
-0.020419,0.02286,0
-0.020414,0.022855,0
-0.020408,0.02285,0
-0.020402,0.022845,0
-0.020397,0.02284,0
-0.020391,0.022835,0
-0.020385,0.022829,0
-0.02038,0.022824,0
-0.020374,0.022819,0
-0.020369,0.022814,0
-0.020363,0.022809,0
-0.020357,0.022804,0
-0.020352,0.022798,0
-0.020346,0.022793,0
-0.020341,0.022788,0
-0.020335,0.022783,0
-0.020329,0.022777,0
-0.020324,0.022772,0
-0.020318,0.022767,0
-0.020313,0.022762,0
-0.020307,0.022757,0
-0.020302,0.022751,0
-0.020296,0.022746,0
-0.020291,0.022741,0
-0.020285,0.022736,0
-0.020279,0.02273,0
-0.020274,0.022725,0
-0.020268,0.02272,0
-0.020263,0.022715,0
-0.020257,0.022709,0
-0.020252,0.022704,0
-0.020246,0.022699,0
-0.020241,0.022693,0
-0.020235,0.022688,0
-0.02023,0.022683,0
-0.020224,0.022678,0
-0.020219,0.022672,0
-0.020213,0.022667,0
-0.020208,0.022662,0
-0.020202,0.022656,0
-0.020197,0.022651,0
-0.020191,0.022646,0
-0.020186,0.02264,0
-0.02018,0.022635,0
-0.020175,0.02263,0
-0.02017,0.022624,0
-0.020164,0.022619,0
-0.020159,0.022614,0
-0.020153,0.022608,0
-0.020148,0.022603,0
-0.020142,0.022598,0
-0.020137,0.022592,0
-0.020131,0.022587,0
-0.020126,0.022581,0
-0.020121,0.022576,0
-0.020115,0.022571,0
-0.02011,0.022565,0
-0.020104,0.02256,0
-0.020099,0.022554,0
-0.020083,0.022535,0
-0.020067,0.022519,0
-0.020051,0.022503,0
-0.020035,0.022487,0
-0.020018,0.022471,0
-0.020002,0.022455,0
-0.019986,0.022439,0
-0.01997,0.022423,0
-0.019954,0.022407,0
-0.019938,0.022391,0
-0.019922,0.022374,0
-0.019906,0.022358,0
-0.01989,0.022342,0
-0.019874,0.022326,0
-0.019858,0.02231,0
-0.019841,0.022294,0
-0.019825,0.022278,0
-0.019809,0.022262,0
-0.019793,0.022246,0
-0.019777,0.02223,0
-0.019761,0.022214,0
-0.019745,0.022197,0
-0.019729,0.022181,0
-0.019713,0.022165,0
-0.019697,0.022149,0
-0.019681,0.022133,0
-0.019664,0.022117,0
-0.019648,0.022101,0
-0.019632,0.022085,0
-0.019616,0.022069,0
-0.0196,0.022053,0
-0.019584,0.022037,0
-0.019568,0.02202,0
-0.019552,0.022004,0
-0.019536,0.021988,0
-0.01952,0.021972,0
-0.019503,0.021956,0
-0.019487,0.02194,0
-0.019471,0.021924,0
-0.019455,0.021908,0
-0.019439,0.021892,0
-0.019423,0.021876,0
-0.019407,0.021859,0
-0.019391,0.021843,0
-0.019375,0.021827,0
-0.019359,0.021811,0
-0.019343,0.021795,0
-0.019326,0.021779,0
-0.01931,0.021763,0
-0.019294,0.021747,0
-0.019278,0.021731,0
-0.019262,0.021715,0
-0.019246,0.021699,0
-0.01923,0.021682,0
-0.019214,0.021666,0
-0.019198,0.02165,0
-0.019182,0.021634,0
-0.019166,0.021618,0
-0.019149,0.021602,0
-0.019133,0.021586,0
-0.019117,0.02157,0
-0.019101,0.021554,0
-0.019085,0.021538,0
-0.019069,0.021522,0
-0.019053,0.021505,0
-0.019037,0.021489,0
-0.019021,0.021473,0
-0.019005,0.021457,0
-0.018988,0.021441,0
-0.018972,0.021425,0
-0.018956,0.021409,0
-0.01894,0.021393,0
-0.018924,0.021377,0
-0.018908,0.021361,0
-0.018892,0.021344,0
-0.018876,0.021328,0
-0.01886,0.021312,0
-0.018844,0.021296,0
-0.018828,0.02128,0
-0.018811,0.021264,0
-0.018795,0.021248,0
-0.018779,0.021232,0
-0.018763,0.021216,0
-0.018747,0.0212,0
-0.018731,0.021184,0
-0.018715,0.021167,0
-0.018699,0.021151,0
-0.018683,0.021135,0
-0.018667,0.021119,0
-0.018651,0.021103,0
-0.018634,0.021087,0
-0.018618,0.021071,0
-0.018602,0.021055,0
-0.018586,0.021039,0
-0.01857,0.021023,0
-0.018554,0.021007,0
-0.018538,0.02099,0
-0.018522,0.020974,0
-0.018506,0.020958,0
-0.01849,0.020942,0
-0.018474,0.020926,0
-0.018457,0.02091,0
-0.018441,0.020894,0
-0.018425,0.020878,0
-0.018409,0.020862,0
-0.018393,0.020846,0
-0.018377,0.020829,0
-0.018361,0.020813,0
-0.018345,0.020797,0
-0.018329,0.020781,0
-0.018313,0.020765,0
-0.018296,0.020749,0
-0.01828,0.020733,0
-0.018264,0.020717,0
-0.018248,0.020701,0
-0.018232,0.020685,0
-0.018216,0.020669,0
-0.0182,0.020652,0
-0.018184,0.020636,0
-0.018168,0.02062,0
-0.018152,0.020604,0
-0.018136,0.020588,0
-0.018119,0.020572,0
-0.018103,0.020556,0
-0.018087,0.02054,0
-0.018071,0.020524,0
-0.018055,0.020508,0
-0.018039,0.020492,0
-0.018023,0.020475,0
-0.018007,0.020459,0
-0.017991,0.020443,0
-0.017975,0.020427,0
-0.017959,0.020411,0
-0.017942,0.020395,0
-0.017926,0.020379,0
-0.01791,0.020363,0
-0.017894,0.020347,0
-0.017878,0.020331,0
-0.017862,0.020314,0
-0.017846,0.020298,0
-0.01783,0.020282,0
-0.017814,0.020266,0
-0.017798,0.02025,0
-0.017781,0.020234,0
-0.017765,0.020218,0
-0.017749,0.020202,0
-0.017733,0.020186,0
-0.017717,0.02017,0
-0.017701,0.020154,0
-0.017685,0.020137,0
-0.017669,0.020121,0
-0.017653,0.020105,0
-0.017637,0.020089,0
-0.017621,0.020073,0
-0.017604,0.020057,0
-0.017588,0.020041,0
-0.017572,0.020025,0
-0.017556,0.020009,0
-0.01754,0.019993,0
-0.017524,0.019977,0
-0.017508,0.01996,0
-0.017492,0.019944,0
-0.017476,0.019928,0
-0.01746,0.019912,0
-0.017444,0.019896,0
-0.017427,0.01988,0
-0.017411,0.019864,0
-0.017395,0.019848,0
-0.017379,0.019832,0
-0.017363,0.019816,0
-0.017347,0.0198,0
-0.017331,0.019783,0
-0.017315,0.019767,0
-0.017299,0.019751,0
-0.017283,0.019735,0
-0.017266,0.019719,0
-0.01725,0.019703,0
-0.017234,0.019687,0
-0.017218,0.019671,0
-0.017202,0.019655,0
-0.017186,0.019639,0
-0.01717,0.019622,0
-0.017154,0.019606,0
-0.017138,0.01959,0
-0.017122,0.019574,0
-0.017106,0.019558,0
-0.017089,0.019542,0
-0.017073,0.019526,0
-0.017057,0.01951,0
-0.017041,0.019494,0
-0.017025,0.019478,0
-0.017009,0.019462,0
-0.016993,0.019445,0
-0.016977,0.019429,0
-0.016961,0.019413,0
-0.016945,0.019397,0
-0.016929,0.019381,0
-0.016912,0.019365,0
-0.016896,0.019349,0
-0.01688,0.019333,0
-0.016864,0.019317,0
-0.016848,0.019301,0
-0.016832,0.019285,0
-0.016816,0.019268,0
-0.0168,0.019252,0
-0.016784,0.019236,0
-0.016768,0.01922,0
-0.016751,0.019204,0
-0.016735,0.019188,0
-0.016719,0.019172,0
-0.016703,0.019156,0
-0.016687,0.01914,0
-0.016671,0.019124,0
-0.016655,0.019107,0
-0.016639,0.019091,0
-0.016623,0.019075,0
-0.016607,0.019059,0
-0.016591,0.019043,0
-0.016574,0.019027,0
-0.016558,0.019011,0
-0.016542,0.018995,0
-0.016526,0.018979,0
-0.01651,0.018963,0
-0.016494,0.018947,0
-0.016478,0.01893,0
-0.016462,0.018914,0
-0.016446,0.018898,0
-0.01643,0.018882,0
-0.016414,0.018866,0
-0.016397,0.01885,0
-0.016381,0.018834,0
-0.016365,0.018818,0
-0.016349,0.018802,0
-0.016333,0.018786,0
-0.016317,0.01877,0
-0.016301,0.018753,0
-0.016285,0.018737,0
-0.016269,0.018721,0
-0.016253,0.018705,0
-0.016237,0.018689,0
-0.01622,0.018673,0
-0.016204,0.018657,0
-0.016188,0.018641,0
-0.016172,0.018625,0
-0.016156,0.018609,0
-0.01614,0.018592,0
-0.016124,0.018576,0
-0.016108,0.01856,0
-0.016092,0.018544,0
-0.016076,0.018528,0
-0.016059,0.018512,0
-0.016043,0.018496,0
-0.016027,0.01848,0
-0.016011,0.018464,0
-0.015995,0.018448,0
-0.015979,0.018432,0
-0.015963,0.018415,0
-0.015947,0.018399,0
-0.015931,0.018383,0
-0.015915,0.018367,0
-0.015899,0.018351,0
-0.015882,0.018335,0
-0.015866,0.018319,0
-0.01585,0.018303,0
-0.015834,0.018287,0
-0.015818,0.018271,0
-0.015802,0.018255,0
-0.015786,0.018238,0
-0.01577,0.018222,0
-0.015754,0.018206,0
-0.015738,0.01819,0
-0.015722,0.018174,0
-0.015705,0.018158,0
-0.015689,0.018142,0
-0.015673,0.018126,0
-0.015657,0.01811,0
-0.015641,0.018094,0
-0.015625,0.018077,0
-0.015609,0.018061,0
-0.015593,0.018045,0
-0.015577,0.018029,0
-0.015561,0.018013,0
-0.015544,0.017997,0
-0.015528,0.017981,0
-0.015512,0.017965,0
-0.015496,0.017949,0
-0.01548,0.017933,0
-0.015464,0.017917,0
-0.015448,0.0179,0
-0.015432,0.017884,0
-0.015416,0.017868,0
-0.0154,0.017852,0
-0.015384,0.017836,0
-0.015367,0.01782,0
-0.015351,0.017804,0
-0.015335,0.017788,0
-0.015319,0.017772,0
-0.015303,0.017756,0
-0.015287,0.01774,0
-0.015271,0.017723,0
-0.015255,0.017707,0
-0.015239,0.017691,0
-0.015223,0.017675,0
-0.015207,0.017659,0
-0.01519,0.017643,0
-0.015174,0.017627,0
-0.015158,0.017611,0
-0.015142,0.017595,0
-0.015126,0.017579,0
-0.01511,0.017563,0
-0.015094,0.017546,0
-0.015078,0.01753,0
-0.015062,0.017514,0
-0.015046,0.017498,0
-0.015029,0.017482,0
-0.015013,0.017466,0
-0.014997,0.01745,0
-0.014981,0.017434,0
-0.014965,0.017418,0
-0.014949,0.017402,0
-0.014933,0.017385,0
-0.014917,0.017369,0
-0.014901,0.017353,0
-0.014885,0.017337,0
-0.014869,0.017321,0
-0.014852,0.017305,0
-0.014836,0.017289,0
-0.01482,0.017273,0
-0.014804,0.017257,0
-0.014788,0.017241,0
-0.014772,0.017225,0
-0.014756,0.017208,0
-0.01474,0.017192,0
-0.014724,0.017176,0
-0.014708,0.01716,0
-0.014692,0.017144,0
-0.014675,0.017128,0
-0.014659,0.017112,0
-0.014643,0.017096,0
-0.014627,0.01708,0
-0.014611,0.017064,0
-0.014595,0.017048,0
-0.014579,0.017031,0
-0.014563,0.017015,0
-0.014547,0.016999,0
-0.014531,0.016983,0
-0.014514,0.016967,0
-0.014498,0.016951,0
-0.014482,0.016935,0
-0.014466,0.016919,0
-0.01445,0.016903,0
-0.014434,0.016887,0
-0.014418,0.01687,0
-0.014402,0.016854,0
-0.014386,0.016838,0
-0.01437,0.016822,0
-0.014354,0.016806,0
-0.014337,0.01679,0
-0.014321,0.016774,0
-0.014305,0.016758,0
-0.014289,0.016742,0
-0.014273,0.016726,0
-0.014257,0.01671,0
-0.014241,0.016693,0
-0.014225,0.016677,0
-0.014209,0.016661,0
-0.014193,0.016645,0
-0.014177,0.016629,0
-0.01416,0.016613,0
-0.014144,0.016597,0
-0.014128,0.016581,0
-0.014112,0.016565,0
-0.014096,0.016549,0
-0.01408,0.016533,0
-0.014064,0.016516,0
-0.014048,0.0165,0
-0.014032,0.016484,0
-0.014016,0.016468,0
-0.014,0.016452,0
-0.013983,0.016436,0
-0.013967,0.01642,0
-0.013951,0.016404,0
-0.013935,0.016388,0
-0.013919,0.016372,0
-0.013903,0.016355,0
-0.013887,0.016339,0
-0.013871,0.016323,0
-0.013855,0.016307,0
-0.013839,0.016291,0
-0.013822,0.016275,0
-0.013806,0.016259,0
-0.01379,0.016243,0
-0.013774,0.016227,0
-0.013758,0.016211,0
-0.013742,0.016195,0
-0.013726,0.016178,0
-0.01371,0.016162,0
-0.013694,0.016146,0
-0.013678,0.01613,0
-0.013662,0.016114,0
-0.013645,0.016098,0
-0.013629,0.016082,0
-0.013613,0.016066,0
-0.013597,0.01605,0
-0.013581,0.016034,0
-0.013565,0.016018,0
-0.013549,0.016001,0
-0.013533,0.015985,0
-0.013517,0.015969,0
-0.013501,0.015953,0
-0.013485,0.015937,0
-0.013468,0.015921,0
-0.013452,0.015905,0
-0.013436,0.015889,0
-0.01342,0.015873,0
-0.013404,0.015857,0
-0.013388,0.01584,0
-0.013372,0.015824,0
-0.013356,0.015808,0
-0.01334,0.015792,0
-0.013324,0.015776,0
-0.013307,0.01576,0
-0.013291,0.015744,0
-0.013275,0.015728,0
-0.013259,0.015712,0
-0.013243,0.015696,0
-0.013227,0.01568,0
-0.013211,0.015663,0
-0.013195,0.015647,0
-0.013179,0.015631,0
-0.013163,0.015615,0
-0.013147,0.015599,0
-0.01313,0.015583,0
-0.013114,0.015567,0
-0.013098,0.015551,0
-0.013082,0.015535,0
-0.013066,0.015519,0
-0.01305,0.015503,0
-0.013034,0.015486,0
-0.013018,0.01547,0
-0.013002,0.015454,0
-0.012986,0.015438,0
-0.01297,0.015422,0
-0.012953,0.015406,0
-0.012937,0.01539,0
-0.012921,0.015374,0
-0.012905,0.015358,0
-0.012889,0.015342,0
-0.012873,0.015326,0
-0.012857,0.015309,0
-0.012841,0.015293,0
-0.012825,0.015277,0
-0.012809,0.015261,0
-0.012792,0.015245,0
-0.012776,0.015229,0
-0.01276,0.015213,0
-0.012744,0.015197,0
-0.012728,0.015181,0
-0.012712,0.015165,0
-0.012696,0.015148,0
-0.01268,0.015132,0
-0.012664,0.015116,0
-0.012648,0.0151,0
-0.012632,0.015084,0
-0.012615,0.015068,0
-0.012599,0.015052,0
-0.012583,0.015036,0
-0.012567,0.01502,0
-0.012551,0.015004,0
-0.012535,0.014988,0
-0.012519,0.014971,0
-0.012503,0.014955,0
-0.012487,0.014939,0
-0.012471,0.014923,0
-0.012455,0.014907,0
-0.012438,0.014891,0
-0.012422,0.014875,0
-0.012406,0.014859,0
-0.01239,0.014843,0
-0.012374,0.014827,0
-0.012358,0.014811,0
-0.012342,0.014794,0
-0.012326,0.014778,0
-0.01231,0.014762,0
-0.012294,0.014746,0
-0.012277,0.01473,0
-0.012261,0.014714,0
-0.012245,0.014698,0
-0.012229,0.014682,0
-0.012213,0.014666,0
-0.012197,0.01465,0
-0.012181,0.014633,0
-0.012165,0.014617,0
-0.012149,0.014601,0
-0.012133,0.014585,0
-0.012117,0.014569,0
-0.0121,0.014553,0
-0.012084,0.014537,0
-0.012068,0.014521,0
-0.012052,0.014505,0
-0.012036,0.014489,0
-0.01202,0.014473,0
-0.012004,0.014456,0
-0.011988,0.01444,0
-0.011972,0.014424,0
-0.011956,0.014408,0
-0.01194,0.014392,0
-0.011923,0.014376,0
-0.011907,0.01436,0
-0.011891,0.014344,0
-0.011875,0.014328,0
-0.011859,0.014312,0
-0.011843,0.014296,0
-0.011827,0.014279,0
-0.011811,0.014263,0
-0.011795,0.014247,0
-0.011779,0.014231,0
-0.011763,0.014215,0
-0.011746,0.014199,0
-0.01173,0.014183,0
-0.011714,0.014167,0
-0.011698,0.014151,0
-0.011682,0.014135,0
-0.011666,0.014118,0
-0.01165,0.014102,0
-0.011634,0.014086,0
-0.011618,0.01407,0
-0.011602,0.014054,0
-0.011585,0.014038,0
-0.011569,0.014022,0
-0.011553,0.014006,0
-0.011537,0.01399,0
-0.011521,0.013974,0
-0.011505,0.013958,0
-0.011489,0.013941,0
-0.011473,0.013925,0
-0.011457,0.013909,0
-0.011441,0.013893,0
-0.011425,0.013877,0
-0.011408,0.013861,0
-0.011392,0.013845,0
-0.011376,0.013829,0
-0.01136,0.013813,0
-0.011344,0.013797,0
-0.011328,0.013781,0
-0.011312,0.013764,0
-0.011296,0.013748,0
-0.01128,0.013732,0
-0.011264,0.013716,0
-0.011248,0.0137,0
-0.011231,0.013684,0
-0.011215,0.013668,0
-0.011199,0.013652,0
-0.011183,0.013636,0
-0.011167,0.01362,0
-0.011151,0.013603,0
-0.011135,0.013587,0
-0.011119,0.013571,0
-0.011103,0.013555,0
-0.011087,0.013539,0
-0.01107,0.013523,0
-0.011054,0.013507,0
-0.011038,0.013491,0
-0.011022,0.013475,0
-0.011006,0.013459,0
-0.01099,0.013443,0
-0.010974,0.013426,0
-0.010958,0.01341,0
-0.010942,0.013394,0
-0.010926,0.013378,0
-0.01091,0.013362,0
-0.010893,0.013346,0
-0.010877,0.01333,0
-0.010861,0.013314,0
-0.010845,0.013298,0
-0.010829,0.013282,0
-0.010813,0.013266,0
-0.010797,0.013249,0
-0.010781,0.013233,0
-0.010765,0.013217,0
-0.010749,0.013201,0
-0.010733,0.013185,0
-0.010716,0.013169,0
-0.0107,0.013153,0
-0.010684,0.013137,0
-0.010668,0.013121,0
-0.010652,0.013105,0
-0.010636,0.013089,0
-0.01062,0.013072,0
-0.010604,0.013056,0
-0.010588,0.01304,0
-0.010572,0.013024,0
-0.010555,0.013008,0
-0.010539,0.012992,0
-0.010523,0.012976,0
-0.010507,0.01296,0
-0.010491,0.012944,0
-0.010475,0.012928,0
-0.010459,0.012911,0
-0.010443,0.012895,0
-0.010427,0.012879,0
-0.010411,0.012863,0
-0.010395,0.012847,0
-0.010378,0.012831,0
-0.010362,0.012815,0
-0.010346,0.012799,0
-0.01033,0.012783,0
-0.010314,0.012767,0
-0.010298,0.012751,0
-0.010282,0.012734,0
-0.010266,0.012718,0
-0.01025,0.012702,0
-0.010234,0.012686,0
-0.010218,0.01267,0
-0.010201,0.012654,0
-0.010185,0.012638,0
-0.010169,0.012622,0
-0.010153,0.012606,0
-0.010137,0.01259,0
-0.010121,0.012574,0
-0.010105,0.012557,0
-0.010089,0.012541,0
-0.010073,0.012525,0
-0.010057,0.012509,0
-0.01004,0.012493,0
-0.010024,0.012477,0
-0.010008,0.012461,0
-0.0099922,0.012445,0
-0.0099761,0.012429,0
-0.00996,0.012413,0
-0.0099439,0.012396,0
-0.0099278,0.01238,0
-0.0099118,0.012364,0
-0.0098957,0.012348,0
-0.0098796,0.012332,0
-0.0098635,0.012316,0
-0.0098474,0.0123,0
-0.0098313,0.012284,0
-0.0098152,0.012268,0
-0.0097991,0.012252,0
-0.009783,0.012236,0
-0.0097669,0.012219,0
-0.0097508,0.012203,0
-0.0097347,0.012187,0
-0.0097186,0.012171,0
-0.0097025,0.012155,0
-0.0096864,0.012139,0
-0.0096703,0.012123,0
-0.0096543,0.012107,0
-0.0096382,0.012091,0
-0.0096221,0.012075,0
-0.009606,0.012059,0
-0.0095899,0.012042,0
-0.0095738,0.012026,0
-0.0095577,0.01201,0
-0.0095416,0.011994,0
-0.0095255,0.011978,0
-0.0095094,0.011962,0
-0.0094933,0.011946,0
-0.0094772,0.01193,0
-0.0094611,0.011914,0
-0.009445,0.011898,0
-0.0094289,0.011881,0
-0.0094129,0.011865,0
-0.0093968,0.011849,0
-0.0093807,0.011833,0
-0.0093646,0.011817,0
-0.0093485,0.011801,0
-0.0093324,0.011785,0
-0.0093163,0.011769,0
-0.0093002,0.011753,0
-0.0092841,0.011737,0
-0.009268,0.011721,0
-0.0092519,0.011704,0
-0.0092358,0.011688,0
-0.0092197,0.011672,0
-0.0092036,0.011656,0
-0.0091875,0.01164,0
-0.0091714,0.011624,0
-0.0091554,0.011608,0
-0.0091393,0.011592,0
-0.0091232,0.011576,0
-0.0091071,0.01156,0
-0.009091,0.011544,0
-0.0090749,0.011527,0
-0.0090588,0.011511,0
-0.0090427,0.011495,0
-0.0090266,0.011479,0
-0.0090105,0.011463,0
-0.0089944,0.011447,0
-0.0089783,0.011431,0
-0.0089622,0.011415,0
-0.0089461,0.011399,0
-0.00893,0.011383,0
-0.008914,0.011366,0
-0.0088979,0.01135,0
-0.0088818,0.011334,0
-0.0088657,0.011318,0
-0.0088496,0.011302,0
-0.0088335,0.011286,0
-0.0088174,0.01127,0
-0.0088013,0.011254,0
-0.0087852,0.011238,0
-0.0087691,0.011222,0
-0.008753,0.011206,0
-0.0087369,0.011189,0
-0.0087208,0.011173,0
-0.0087047,0.011157,0
-0.0086886,0.011141,0
-0.0086726,0.011125,0
-0.0086565,0.011109,0
-0.0086404,0.011093,0
-0.0086243,0.011077,0
-0.0086082,0.011061,0
-0.0085921,0.011045,0
-0.008576,0.011029,0
-0.0085599,0.011012,0
-0.0085438,0.010996,0
-0.0085277,0.01098,0
-0.0085116,0.010964,0
-0.0084955,0.010948,0
-0.0084794,0.010932,0
-0.0084633,0.010916,0
-0.0084472,0.0109,0
-0.0084311,0.010884,0
-0.0084151,0.010868,0
-0.008399,0.010852,0
-0.0083829,0.010835,0
-0.0083668,0.010819,0
-0.0083507,0.010803,0
-0.0083346,0.010787,0
-0.0083185,0.010771,0
-0.0083024,0.010755,0
-0.0082863,0.010739,0
-0.0082702,0.010723,0
-0.0082541,0.010707,0
-0.008238,0.010691,0
-0.0082219,0.010674,0
-0.0082058,0.010658,0
-0.0081897,0.010642,0
-0.0081737,0.010626,0
-0.0081576,0.01061,0
-0.0081415,0.010594,0
-0.0081254,0.010578,0
-0.0081093,0.010562,0
-0.0080932,0.010546,0
-0.0080771,0.01053,0
-0.008061,0.010514,0
-0.0080449,0.010497,0
-0.0080288,0.010481,0
-0.0080127,0.010465,0
-0.0079966,0.010449,0
-0.0079805,0.010433,0
-0.0079644,0.010417,0
-0.0079483,0.010401,0
-0.0079322,0.010385,0
-0.0079162,0.010369,0
-0.0079001,0.010353,0
-0.007884,0.010337,0
-0.0078679,0.01032,0
-0.0078518,0.010304,0
-0.0078357,0.010288,0
-0.0078196,0.010272,0
-0.0078035,0.010256,0
-0.0077874,0.01024,0
-0.0077713,0.010224,0
-0.0077552,0.010208,0
-0.0077391,0.010192,0
-0.007723,0.010176,0
-0.0077069,0.010159,0
-0.0076908,0.010143,0
-0.0076748,0.010127,0
-0.0076587,0.010111,0
-0.0076426,0.010095,0
-0.0076265,0.010079,0
-0.0076104,0.010063,0
-0.0075943,0.010047,0
-0.0075782,0.010031,0
-0.0075621,0.010015,0
-0.007546,0.0099986,0
-0.0075299,0.0099825,0
-0.0075138,0.0099664,0
-0.0074977,0.0099503,0
-0.0074816,0.0099342,0
-0.0074655,0.0099181,0
-0.0074494,0.009902,0
-0.0074333,0.0098859,0
-0.0074173,0.0098698,0
-0.0074012,0.0098537,0
-0.0073851,0.0098376,0
-0.007369,0.0098215,0
-0.0073529,0.0098054,0
-0.0073368,0.0097893,0
-0.0073207,0.0097732,0
-0.0073046,0.0097571,0
-0.0072885,0.0097411,0
-0.0072724,0.009725,0
-0.0072563,0.0097089,0
-0.0072402,0.0096928,0
-0.0072241,0.0096767,0
-0.007208,0.0096606,0
-0.0071919,0.0096445,0
-0.0071759,0.0096284,0
-0.0071598,0.0096123,0
-0.0071437,0.0095962,0
-0.0071276,0.0095801,0
-0.0071115,0.009564,0
-0.0070954,0.0095479,0
-0.0070793,0.0095318,0
-0.0070632,0.0095157,0
-0.0070471,0.0094997,0
-0.007031,0.0094836,0
-0.0070149,0.0094675,0
-0.0069988,0.0094514,0
-0.0069827,0.0094353,0
-0.0069666,0.0094192,0
-0.0069505,0.0094031,0
-0.0069344,0.009387,0
-0.0069184,0.0093709,0
-0.0069023,0.0093548,0
-0.0068862,0.0093387,0
-0.0068701,0.0093226,0
-0.0068647,0.0093172,0
-0.0068593,0.0093118,0
-0.0068539,0.0093064,0
-0.0068484,0.0093011,0
-0.006843,0.0092957,0
-0.0068376,0.0092903,0
-0.0068322,0.0092849,0
-0.0068267,0.0092796,0
-0.0068213,0.0092742,0
-0.0068159,0.0092688,0
-0.0068104,0.0092635,0
-0.006805,0.0092581,0
-0.0067995,0.0092528,0
-0.006794,0.0092474,0
-0.0067886,0.0092421,0
-0.0067831,0.0092368,0
-0.0067776,0.0092314,0
-0.0067722,0.0092261,0
-0.0067667,0.0092208,0
-0.0067612,0.0092155,0
-0.0067557,0.0092101,0
-0.0067502,0.0092048,0
-0.0067447,0.0091995,0
-0.0067392,0.0091942,0
-0.0067337,0.0091889,0
-0.0067282,0.0091836,0
-0.0067227,0.0091784,0
-0.0067172,0.0091731,0
-0.0067117,0.0091678,0
-0.0067061,0.0091625,0
-0.0067006,0.0091572,0
-0.0066951,0.009152,0
-0.0066896,0.0091467,0
-0.006684,0.0091415,0
-0.0066785,0.0091362,0
-0.0066729,0.009131,0
-0.0066674,0.0091257,0
-0.0066618,0.0091205,0
-0.0066562,0.0091152,0
-0.0066507,0.00911,0
-0.0066451,0.0091048,0
-0.0066395,0.0090996,0
-0.006634,0.0090943,0
-0.0066284,0.0090891,0
-0.0066228,0.0090839,0
-0.0066172,0.0090787,0
-0.0066116,0.0090735,0
-0.006606,0.0090683,0
-0.0066004,0.0090631,0
-0.0065948,0.0090579,0
-0.0065892,0.0090528,0
-0.0065836,0.0090476,0
-0.0065779,0.0090424,0
-0.0065723,0.0090372,0
-0.0065667,0.0090321,0
-0.0065611,0.0090269,0
-0.0065554,0.0090218,0
-0.0065498,0.0090166,0
-0.0065441,0.0090115,0
-0.0065385,0.0090063,0
-0.0065328,0.0090012,0
-0.0065272,0.0089961,0
-0.0065215,0.0089909,0
-0.0065159,0.0089858,0
-0.0065102,0.0089807,0
-0.0065045,0.0089756,0
-0.0064988,0.0089705,0
-0.0064932,0.0089653,0
-0.0064875,0.0089602,0
-0.0064818,0.0089551,0
-0.0064761,0.00895,0
-0.0064704,0.008945,0
-0.0064647,0.0089399,0
-0.006459,0.0089348,0
-0.0064533,0.0089297,0
-0.0064476,0.0089246,0
-0.0064419,0.0089196,0
-0.0064361,0.0089145,0
-0.0064304,0.0089095,0
-0.0064247,0.0089044,0
-0.006419,0.0088994,0
-0.0064132,0.0088943,0
-0.0064075,0.0088893,0
-0.0064017,0.0088842,0
-0.006396,0.0088792,0
-0.0063902,0.0088742,0
-0.0063845,0.0088692,0
-0.0063787,0.0088641,0
-0.006373,0.0088591,0
-0.0063672,0.0088541,0
-0.0063614,0.0088491,0
-0.0063557,0.0088441,0
-0.0063499,0.0088391,0
-0.0063441,0.0088341,0
-0.0063383,0.0088292,0
-0.0063325,0.0088242,0
-0.0063267,0.0088192,0
-0.0063209,0.0088142,0
-0.0063151,0.0088093,0
-0.0063093,0.0088043,0
-0.0063035,0.0087993,0
-0.0062977,0.0087944,0
-0.0062919,0.0087894,0
-0.006286,0.0087845,0
-0.0062802,0.0087796,0
-0.0062744,0.0087746,0
-0.0062686,0.0087697,0
-0.0062627,0.0087648,0
-0.0062569,0.0087598,0
-0.006251,0.0087549,0
-0.0062452,0.00875,0
-0.0062393,0.0087451,0
-0.0062335,0.0087402,0
-0.0062276,0.0087353,0
-0.0062217,0.0087304,0
-0.0062159,0.0087255,0
-0.00621,0.0087206,0
-0.0062041,0.0087158,0
-0.0061982,0.0087109,0
-0.0061924,0.008706,0
-0.0061865,0.0087011,0
-0.0061806,0.0086963,0
-0.0061747,0.0086914,0
-0.0061688,0.0086866,0
-0.0061629,0.0086817,0
-0.006157,0.0086769,0
-0.0061511,0.008672,0
-0.0061452,0.0086672,0
-0.0061392,0.0086624,0
-0.0061333,0.0086576,0
-0.0061274,0.0086527,0
-0.0061215,0.0086479,0
-0.0061155,0.0086431,0
-0.0061096,0.0086383,0
-0.0061036,0.0086335,0
-0.0060977,0.0086287,0
-0.0060918,0.0086239,0
-0.0060858,0.0086191,0
-0.0060798,0.0086144,0
-0.0060739,0.0086096,0
-0.0060679,0.0086048,0
-0.006062,0.0086,0
-0.006056,0.0085953,0
-0.00605,0.0085905,0
-0.006044,0.0085858,0
-0.0060381,0.008581,0
-0.0060321,0.0085763,0
-0.0060261,0.0085715,0
-0.0060201,0.0085668,0
-0.0060141,0.0085621,0
-0.0060081,0.0085573,0
-0.0060021,0.0085526,0
-0.0059961,0.0085479,0
-0.0059901,0.0085432,0
-0.005984,0.0085385,0
-0.005978,0.0085338,0
-0.005972,0.0085291,0
-0.005966,0.0085244,0
-0.0059599,0.0085197,0
-0.0059539,0.008515,0
-0.0059479,0.0085103,0
-0.0059418,0.0085057,0
-0.0059358,0.008501,0
-0.0059297,0.0084963,0
-0.0059237,0.0084917,0
-0.0059176,0.008487,0
-0.0059116,0.0084824,0
-0.0059055,0.0084777,0
-0.0058994,0.0084731,0
-0.0058934,0.0084684,0
-0.0058873,0.0084638,0
-0.0058812,0.0084592,0
-0.0058751,0.0084546,0
-0.005869,0.00845,0
-0.005863,0.0084453,0
-0.0058569,0.0084407,0
-0.0058508,0.0084361,0
-0.0058447,0.0084315,0
-0.0058386,0.0084269,0
-0.0058325,0.0084224,0
-0.0058264,0.0084178,0
-0.0058202,0.0084132,0
-0.0058141,0.0084086,0
-0.005808,0.0084041,0
-0.0058019,0.0083995,0
-0.0057957,0.0083949,0
-0.0057896,0.0083904,0
-0.0057835,0.0083858,0
-0.0057773,0.0083813,0
-0.0057712,0.0083767,0
-0.005765,0.0083722,0
-0.0057589,0.0083677,0
-0.0057527,0.0083632,0
-0.0057466,0.0083586,0
-0.0057404,0.0083541,0
-0.0057343,0.0083496,0
-0.0057281,0.0083451,0
-0.0057219,0.0083406,0
-0.0057157,0.0083361,0
-0.0057096,0.0083316,0
-0.0057034,0.0083271,0
-0.0056972,0.0083226,0
-0.005691,0.0083182,0
-0.0056848,0.0083137,0
-0.0056786,0.0083092,0
-0.0056724,0.0083048,0
-0.0056662,0.0083003,0
-0.00566,0.0082959,0
-0.0056538,0.0082914,0
-0.0056476,0.008287,0
-0.0056414,0.0082825,0
-0.0056352,0.0082781,0
-0.0056289,0.0082737,0
-0.0056227,0.0082693,0
-0.0056165,0.0082648,0
-0.0056102,0.0082604,0
-0.005604,0.008256,0
-0.0055978,0.0082516,0
-0.0055915,0.0082472,0
-0.0055853,0.0082428,0
-0.005579,0.0082384,0
-0.0055728,0.008234,0
-0.0055665,0.0082297,0
-0.0055602,0.0082253,0
-0.005554,0.0082209,0
-0.0055477,0.0082166,0
-0.0055414,0.0082122,0
-0.0055352,0.0082078,0
-0.0055289,0.0082035,0
-0.0055226,0.0081992,0
-0.0055163,0.0081948,0
-0.00551,0.0081905,0
-0.0055037,0.0081862,0
-0.0054974,0.0081818,0
-0.0054911,0.0081775,0
-0.0054848,0.0081732,0
-0.0054785,0.0081689,0
-0.0054722,0.0081646,0
-0.0054659,0.0081603,0
-0.0054596,0.008156,0
-0.0054533,0.0081517,0
-0.0054469,0.0081474,0
-0.0054406,0.0081431,0
-0.0054343,0.0081389,0
-0.0054279,0.0081346,0
-0.0054216,0.0081303,0
-0.0054153,0.0081261,0
-0.0054089,0.0081218,0
-0.0054026,0.0081176,0
-0.0053962,0.0081133,0
-0.0053899,0.0081091,0
-0.0053835,0.0081048,0
-0.0053772,0.0081006,0
-0.0053708,0.0080964,0
-0.0053644,0.0080922,0
-0.0053581,0.0080879,0
-0.0053517,0.0080837,0
-0.0053453,0.0080795,0
-0.0053389,0.0080753,0
-0.0053325,0.0080711,0
-0.0053262,0.0080669,0
-0.0053198,0.0080628,0
-0.0053134,0.0080586,0
-0.005307,0.0080544,0
-0.0053006,0.0080502,0
-0.0052942,0.0080461,0
-0.0052878,0.0080419,0
-0.0052814,0.0080378,0
-0.005275,0.0080336,0
-0.0052685,0.0080295,0
-0.0052621,0.0080253,0
-0.0052557,0.0080212,0
-0.0052493,0.0080171,0
-0.0052428,0.0080129,0
-0.0052364,0.0080088,0
-0.00523,0.0080047,0
-0.0052235,0.0080006,0
-0.0052171,0.0079965,0
-0.0052106,0.0079924,0
-0.0052042,0.0079883,0
-0.0051977,0.0079842,0
-0.0051913,0.0079801,0
-0.0051848,0.0079761,0
-0.0051784,0.007972,0
-0.0051719,0.0079679,0
-0.0051654,0.0079638,0
-0.005159,0.0079598,0
-0.0051525,0.0079557,0
-0.005146,0.0079517,0
-0.0051395,0.0079476,0
-0.0051331,0.0079436,0
-0.0051266,0.0079396,0
-0.0051201,0.0079355,0
-0.0051136,0.0079315,0
-0.0051071,0.0079275,0
-0.0051006,0.0079235,0
-0.0050941,0.0079195,0
-0.0050876,0.0079155,0
-0.0050811,0.0079115,0
-0.0050746,0.0079075,0
-0.005068,0.0079035,0
-0.0050615,0.0078995,0
-0.005055,0.0078955,0
-0.0050485,0.0078916,0
-0.005042,0.0078876,0
-0.0050354,0.0078836,0
-0.0050289,0.0078797,0
-0.0050223,0.0078757,0
-0.0050158,0.0078718,0
-0.0050093,0.0078679,0
-0.0050027,0.0078639,0
-0.0049962,0.00786,0
-0.0049896,0.0078561,0
-0.0049831,0.0078521,0
-0.0049765,0.0078482,0
-0.0049699,0.0078443,0
-0.0049634,0.0078404,0
-0.0049568,0.0078365,0
-0.0049502,0.0078326,0
-0.0049437,0.0078287,0
-0.0049371,0.0078248,0
-0.0049305,0.007821,0
-0.0049239,0.0078171,0
-0.0049173,0.0078132,0
-0.0049107,0.0078094,0
-0.0049042,0.0078055,0
-0.0048976,0.0078017,0
-0.004891,0.0077978,0
-0.0048844,0.007794,0
-0.0048778,0.0077901,0
-0.0048711,0.0077863,0
-0.0048645,0.0077825,0
-0.0048579,0.0077786,0
-0.0048513,0.0077748,0
-0.0048447,0.007771,0
-0.0048381,0.0077672,0
-0.0048314,0.0077634,0
-0.0048248,0.0077596,0
-0.0048182,0.0077558,0
-0.0048115,0.007752,0
-0.0048049,0.0077483,0
-0.0047983,0.0077445,0
-0.0047916,0.0077407,0
-0.004785,0.007737,0
-0.0047783,0.0077332,0
-0.0047717,0.0077294,0
-0.004765,0.0077257,0
-0.0047584,0.0077219,0
-0.0047517,0.0077182,0
-0.004745,0.0077145,0
-0.0047384,0.0077107,0
-0.0047317,0.007707,0
-0.004725,0.0077033,0
-0.0047184,0.0076996,0
-0.0047117,0.0076959,0
-0.004705,0.0076922,0
-0.0046983,0.0076885,0
-0.0046916,0.0076848,0
-0.0046849,0.0076811,0
-0.0046782,0.0076774,0
-0.0046715,0.0076738,0
-0.0046648,0.0076701,0
-0.0046581,0.0076664,0
-0.0046514,0.0076628,0
-0.0046447,0.0076591,0
-0.004638,0.0076555,0
-0.0046313,0.0076518,0
-0.0046246,0.0076482,0
-0.0046179,0.0076445,0
-0.0046112,0.0076409,0
-0.0046044,0.0076373,0
-0.0045977,0.0076337,0
-0.004591,0.0076301,0
-0.0045842,0.0076265,0
-0.0045775,0.0076229,0
-0.0045708,0.0076193,0
-0.004564,0.0076157,0
-0.0045573,0.0076121,0
-0.0045505,0.0076085,0
-0.0045438,0.0076049,0
-0.004537,0.0076014,0
-0.0045303,0.0075978,0
-0.0045235,0.0075942,0
-0.0045168,0.0075907,0
-0.00451,0.0075871,0
-0.0045032,0.0075836,0
-0.0044965,0.0075801,0
-0.0044897,0.0075765,0
-0.0044829,0.007573,0
-0.0044761,0.0075695,0
-0.0044693,0.007566,0
-0.0044626,0.0075624,0
-0.0044558,0.0075589,0
-0.004449,0.0075554,0
-0.0044422,0.0075519,0
-0.0044354,0.0075485,0
-0.0044286,0.007545,0
-0.0044218,0.0075415,0
-0.004415,0.007538,0
-0.0044082,0.0075346,0
-0.0044014,0.0075311,0
-0.0043946,0.0075276,0
-0.0043878,0.0075242,0
-0.0043809,0.0075207,0
-0.0043741,0.0075173,0
-0.0043673,0.0075139,0
-0.0043605,0.0075104,0
-0.0043537,0.007507,0
-0.0043468,0.0075036,0
-0.00434,0.0075002,0
-0.0043332,0.0074968,0
-0.0043263,0.0074934,0
-0.0043195,0.00749,0
-0.0043126,0.0074866,0
-0.0043058,0.0074832,0
-0.0042989,0.0074798,0
-0.0042921,0.0074764,0
-0.0042852,0.007473,0
-0.0042784,0.0074697,0
-0.0042715,0.0074663,0
-0.0042647,0.007463,0
-0.0042578,0.0074596,0
-0.0042509,0.0074563,0
-0.0042441,0.0074529,0
-0.0042372,0.0074496,0
-0.0042303,0.0074463,0
-0.0042234,0.0074429,0
-0.0042166,0.0074396,0
-0.0042097,0.0074363,0
-0.0042028,0.007433,0
-0.0041959,0.0074297,0
-0.004189,0.0074264,0
-0.0041821,0.0074231,0
-0.0041752,0.0074198,0
-0.0041683,0.0074166,0
-0.0041614,0.0074133,0
-0.0041545,0.00741,0
-0.0041476,0.0074067,0
-0.0041407,0.0074035,0
-0.0041338,0.0074002,0
-0.0041269,0.007397,0
-0.00412,0.0073937,0
-0.004113,0.0073905,0
-0.0041061,0.0073873,0
-0.0040992,0.0073841,0
-0.0040923,0.0073808,0
-0.0040853,0.0073776,0
-0.0040784,0.0073744,0
-0.0040715,0.0073712,0
-0.0040645,0.007368,0
-0.0040576,0.0073648,0
-0.0040507,0.0073616,0
-0.0040437,0.0073584,0
-0.0040368,0.0073553,0
-0.0040298,0.0073521,0
-0.0040229,0.0073489,0
-0.0040159,0.0073458,0
-0.004009,0.0073426,0
-0.004002,0.0073395,0
-0.003995,0.0073363,0
-0.0039881,0.0073332,0
-0.0039811,0.0073301,0
-0.0039741,0.0073269,0
-0.0039672,0.0073238,0
-0.0039602,0.0073207,0
-0.0039532,0.0073176,0
-0.0039462,0.0073145,0
-0.0039393,0.0073114,0
-0.0039323,0.0073083,0
-0.0039253,0.0073052,0
-0.0039183,0.0073021,0
-0.0039113,0.007299,0
-0.0039043,0.007296,0
-0.0038973,0.0072929,0
-0.0038903,0.0072898,0
-0.0038833,0.0072868,0
-0.0038763,0.0072837,0
-0.0038693,0.0072807,0
-0.0038623,0.0072776,0
-0.0038553,0.0072746,0
-0.0038483,0.0072716,0
-0.0038413,0.0072686,0
-0.0038343,0.0072655,0
-0.0038272,0.0072625,0
-0.0038202,0.0072595,0
-0.0038132,0.0072565,0
-0.0038062,0.0072535,0
-0.0037991,0.0072505,0
-0.0037921,0.0072476,0
-0.0037851,0.0072446,0
-0.003778,0.0072416,0
-0.003771,0.0072386,0
-0.003764,0.0072357,0
-0.0037569,0.0072327,0
-0.0037499,0.0072298,0
-0.0037428,0.0072268,0
-0.0037358,0.0072239,0
-0.0037287,0.007221,0
-0.0037217,0.007218,0
-0.0037146,0.0072151,0
-0.0037075,0.0072122,0
-0.0037005,0.0072093,0
-0.0036934,0.0072064,0
-0.0036864,0.0072035,0
-0.0036793,0.0072006,0
-0.0036722,0.0071977,0
-0.0036651,0.0071948,0
-0.0036581,0.0071919,0
-0.003651,0.007189,0
-0.0036439,0.0071862,0
-0.0036368,0.0071833,0
-0.0036297,0.0071805,0
-0.0036227,0.0071776,0
-0.0036156,0.0071748,0
-0.0036085,0.0071719,0
-0.0036014,0.0071691,0
-0.0035943,0.0071663,0
-0.0035872,0.0071634,0
-0.0035801,0.0071606,0
-0.003573,0.0071578,0
-0.0035659,0.007155,0
-0.0035588,0.0071522,0
-0.0035517,0.0071494,0
-0.0035446,0.0071466,0
-0.0035375,0.0071438,0
-0.0035303,0.0071411,0
-0.0035232,0.0071383,0
-0.0035161,0.0071355,0
-0.003509,0.0071328,0
-0.0035019,0.00713,0
-0.0034947,0.0071272,0
-0.0034876,0.0071245,0
-0.0034805,0.0071218,0
-0.0034733,0.007119,0
-0.0034662,0.0071163,0
-0.0034591,0.0071136,0
-0.0034519,0.0071109,0
-0.0034448,0.0071082,0
-0.0034376,0.0071055,0
-0.0034305,0.0071028,0
-0.0034234,0.0071001,0
-0.0034162,0.0070974,0
-0.0034091,0.0070947,0
-0.0034019,0.007092,0
-0.0033947,0.0070893,0
-0.0033876,0.0070867,0
-0.0033804,0.007084,0
-0.0033733,0.0070814,0
-0.0033661,0.0070787,0
-0.0033589,0.0070761,0
-0.0033518,0.0070734,0
-0.0033446,0.0070708,0
-0.0033374,0.0070682,0
-0.0033302,0.0070655,0
-0.0033231,0.0070629,0
-0.0033159,0.0070603,0
-0.0033087,0.0070577,0
-0.0033015,0.0070551,0
-0.0032943,0.0070525,0
-0.0032872,0.0070499,0
-0.00328,0.0070474,0
-0.0032728,0.0070448,0
-0.0032656,0.0070422,0
-0.0032584,0.0070396,0
-0.0032512,0.0070371,0
-0.003244,0.0070345,0
-0.0032368,0.007032,0
-0.0032296,0.0070294,0
-0.0032224,0.0070269,0
-0.0032152,0.0070244,0
-0.003208,0.0070219,0
-0.0032008,0.0070193,0
-0.0031935,0.0070168,0
-0.0031863,0.0070143,0
-0.0031791,0.0070118,0
-0.0031719,0.0070093,0
-0.0031647,0.0070068,0
-0.0031575,0.0070043,0
-0.0031502,0.0070019,0
-0.003143,0.0069994,0
-0.0031358,0.0069969,0
-0.0031285,0.0069945,0
-0.0031213,0.006992,0
-0.0031141,0.0069895,0
-0.0031068,0.0069871,0
-0.0030996,0.0069847,0
-0.0030924,0.0069822,0
-0.0030851,0.0069798,0
-0.0030779,0.0069774,0
-0.0030706,0.006975,0
-0.0030634,0.0069726,0
-0.0030561,0.0069701,0
-0.0030489,0.0069677,0
-0.0030416,0.0069654,0
-0.0030344,0.006963,0
-0.0030271,0.0069606,0
-0.0030199,0.0069582,0
-0.0030126,0.0069558,0
-0.0030053,0.0069535,0
-0.0029981,0.0069511,0
-0.0029908,0.0069488,0
-0.0029835,0.0069464,0
-0.0029763,0.0069441,0
-0.002969,0.0069417,0
-0.0029617,0.0069394,0
-0.0029544,0.0069371,0
-0.0029472,0.0069348,0
-0.0029399,0.0069324,0
-0.0029326,0.0069301,0
-0.0029253,0.0069278,0
-0.002918,0.0069255,0
-0.0029108,0.0069232,0
-0.0029035,0.006921,0
-0.0028962,0.0069187,0
-0.0028889,0.0069164,0
-0.0028816,0.0069141,0
-0.0028743,0.0069119,0
-0.002867,0.0069096,0
-0.0028597,0.0069074,0
-0.0028524,0.0069051,0
-0.0028451,0.0069029,0
-0.0028378,0.0069006,0
-0.0028305,0.0068984,0
-0.0028232,0.0068962,0
-0.0028159,0.006894,0
-0.0028086,0.0068918,0
-0.0028012,0.0068896,0
-0.0027939,0.0068874,0
-0.0027866,0.0068852,0
-0.0027793,0.006883,0
-0.002772,0.0068808,0
-0.0027646,0.0068786,0
-0.0027573,0.0068765,0
-0.00275,0.0068743,0
-0.0027427,0.0068721,0
-0.0027353,0.00687,0
-0.002728,0.0068678,0
-0.0027207,0.0068657,0
-0.0027134,0.0068635,0
-0.002706,0.0068614,0
-0.0026987,0.0068593,0
-0.0026913,0.0068572,0
-0.002684,0.0068551,0
-0.0026767,0.006853,0
-0.0026693,0.0068509,0
-0.002662,0.0068488,0
-0.0026546,0.0068467,0
-0.0026473,0.0068446,0
-0.0026399,0.0068425,0
-0.0026326,0.0068404,0
-0.0026252,0.0068384,0
-0.0026179,0.0068363,0
-0.0026105,0.0068343,0
-0.0026031,0.0068322,0
-0.0025958,0.0068302,0
-0.0025884,0.0068281,0
-0.0025811,0.0068261,0
-0.0025737,0.0068241,0
-0.0025663,0.006822,0
-0.002559,0.00682,0
-0.0025516,0.006818,0
-0.0025442,0.006816,0
-0.0025369,0.006814,0
-0.0025295,0.006812,0
-0.0025221,0.00681,0
-0.0025147,0.0068081,0
-0.0025073,0.0068061,0
-0.0025,0.0068041,0
-0.0024926,0.0068022,0
-0.0024852,0.0068002,0
-0.0024778,0.0067982,0
-0.0024704,0.0067963,0
-0.002463,0.0067944,0
-0.0024557,0.0067924,0
-0.0024483,0.0067905,0
-0.0024409,0.0067886,0
-0.0024335,0.0067867,0
-0.0024261,0.0067848,0
-0.0024187,0.0067829,0
-0.0024113,0.006781,0
-0.0024039,0.0067791,0
-0.0023965,0.0067772,0
-0.0023891,0.0067753,0
-0.0023817,0.0067734,0
-0.0023743,0.0067715,0
-0.0023669,0.0067697,0
-0.0023595,0.0067678,0
-0.002352,0.006766,0
-0.0023446,0.0067641,0
-0.0023372,0.0067623,0
-0.0023298,0.0067605,0
-0.0023224,0.0067586,0
-0.002315,0.0067568,0
-0.0023076,0.006755,0
-0.0023001,0.0067532,0
-0.0022927,0.0067514,0
-0.0022853,0.0067496,0
-0.0022779,0.0067478,0
-0.0022704,0.006746,0
-0.002263,0.0067442,0
-0.0022556,0.0067424,0
-0.0022482,0.0067407,0
-0.0022407,0.0067389,0
-0.0022333,0.0067371,0
-0.0022259,0.0067354,0
-0.0022184,0.0067336,0
-0.002211,0.0067319,0
-0.0022035,0.0067302,0
-0.0021961,0.0067284,0
-0.0021887,0.0067267,0
-0.0021812,0.006725,0
-0.0021738,0.0067233,0
-0.0021663,0.0067216,0
-0.0021589,0.0067199,0
-0.0021514,0.0067182,0
-0.002144,0.0067165,0
-0.0021365,0.0067148,0
-0.0021291,0.0067131,0
-0.0021216,0.0067115,0
-0.0021142,0.0067098,0
-0.0021067,0.0067081,0
-0.0020993,0.0067065,0
-0.0020918,0.0067048,0
-0.0020843,0.0067032,0
-0.0020769,0.0067016,0
-0.0020694,0.0066999,0
-0.002062,0.0066983,0
-0.0020545,0.0066967,0
-0.002047,0.0066951,0
-0.0020396,0.0066935,0
-0.0020321,0.0066919,0
-0.0020246,0.0066903,0
-0.0020171,0.0066887,0
-0.0020097,0.0066871,0
-0.0020022,0.0066855,0
-0.0019947,0.006684,0
-0.0019873,0.0066824,0
-0.0019798,0.0066808,0
-0.0019723,0.0066793,0
-0.0019648,0.0066777,0
-0.0019573,0.0066762,0
-0.0019499,0.0066747,0
-0.0019424,0.0066731,0
-0.0019349,0.0066716,0
-0.0019274,0.0066701,0
-0.0019199,0.0066686,0
-0.0019124,0.0066671,0
-0.0019049,0.0066656,0
-0.0018974,0.0066641,0
-0.00189,0.0066626,0
-0.0018825,0.0066611,0
-0.001875,0.0066596,0
-0.0018675,0.0066581,0
-0.00186,0.0066567,0
-0.0018525,0.0066552,0
-0.001845,0.0066538,0
-0.0018375,0.0066523,0
-0.00183,0.0066509,0
-0.0018225,0.0066494,0
-0.001815,0.006648,0
-0.0018075,0.0066466,0
-0.0018,0.0066452,0
-0.0017925,0.0066438,0
-0.0017849,0.0066424,0
-0.0017774,0.006641,0
-0.0017699,0.0066396,0
-0.0017624,0.0066382,0
-0.0017549,0.0066368,0
-0.0017474,0.0066354,0
-0.0017399,0.006634,0
-0.0017324,0.0066327,0
-0.0017248,0.0066313,0
-0.0017173,0.00663,0
-0.0017098,0.0066286,0
-0.0017023,0.0066273,0
-0.0016948,0.0066259,0
-0.0016872,0.0066246,0
-0.0016797,0.0066233,0
-0.0016722,0.006622,0
-0.0016647,0.0066207,0
-0.0016572,0.0066194,0
-0.0016496,0.0066181,0
-0.0016421,0.0066168,0
-0.0016346,0.0066155,0
-0.001627,0.0066142,0
-0.0016195,0.0066129,0
-0.001612,0.0066116,0
-0.0016044,0.0066104,0
-0.0015969,0.0066091,0
-0.0015894,0.0066079,0
-0.0015818,0.0066066,0
-0.0015743,0.0066054,0
-0.0015668,0.0066041,0
-0.0015592,0.0066029,0
-0.0015517,0.0066017,0
-0.0015441,0.0066005,0
-0.0015366,0.0065993,0
-0.0015291,0.0065981,0
-0.0015215,0.0065969,0
-0.001514,0.0065957,0
-0.0015064,0.0065945,0
-0.0014989,0.0065933,0
-0.0014913,0.0065921,0
-0.0014838,0.006591,0
-0.0014762,0.0065898,0
-0.0014687,0.0065886,0
-0.0014611,0.0065875,0
-0.0014536,0.0065863,0
-0.001446,0.0065852,0
-0.0014385,0.0065841,0
-0.0014309,0.0065829,0
-0.0014234,0.0065818,0
-0.0014158,0.0065807,0
-0.0014083,0.0065796,0
-0.0014007,0.0065785,0
-0.0013931,0.0065774,0
-0.0013856,0.0065763,0
-0.001378,0.0065752,0
-0.0013705,0.0065741,0
-0.0013629,0.0065731,0
-0.0013553,0.006572,0
-0.0013478,0.0065709,0
-0.0013402,0.0065699,0
-0.0013326,0.0065688,0
-0.0013251,0.0065678,0
-0.0013175,0.0065667,0
-0.0013099,0.0065657,0
-0.0013024,0.0065647,0
-0.0012948,0.0065637,0
-0.0012872,0.0065626,0
-0.0012797,0.0065616,0
-0.0012721,0.0065606,0
-0.0012645,0.0065596,0
-0.0012569,0.0065586,0
-0.0012494,0.0065577,0
-0.0012418,0.0065567,0
-0.0012342,0.0065557,0
-0.0012266,0.0065547,0
-0.0012191,0.0065538,0
-0.0012115,0.0065528,0
-0.0012039,0.0065519,0
-0.0011963,0.0065509,0
-0.0011887,0.00655,0
-0.0011812,0.0065491,0
-0.0011736,0.0065481,0
-0.001166,0.0065472,0
-0.0011584,0.0065463,0
-0.0011508,0.0065454,0
-0.0011432,0.0065445,0
-0.0011357,0.0065436,0
-0.0011281,0.0065427,0
-0.0011205,0.0065418,0
-0.0011129,0.0065409,0
-0.0011053,0.0065401,0
-0.0010977,0.0065392,0
-0.0010901,0.0065383,0
-0.0010825,0.0065375,0
-0.0010749,0.0065366,0
-0.0010674,0.0065358,0
-0.0010598,0.006535,0
-0.0010522,0.0065341,0
-0.0010446,0.0065333,0
-0.001037,0.0065325,0
-0.0010294,0.0065317,0
-0.0010218,0.0065309,0
-0.0010142,0.0065301,0
-0.0010066,0.0065293,0
-0.000999,0.0065285,0
-0.0009914,0.0065277,0
-0.0009838,0.0065269,0
-0.00097621,0.0065262,0
-0.00096861,0.0065254,0
-0.000961,0.0065246,0
-0.0009534,0.0065239,0
-0.0009458,0.0065231,0
-0.0009382,0.0065224,0
-0.0009306,0.0065217,0
-0.00092299,0.0065209,0
-0.00091539,0.0065202,0
-0.00090779,0.0065195,0
-0.00090018,0.0065188,0
-0.00089257,0.0065181,0
-0.00088497,0.0065174,0
-0.00087736,0.0065167,0
-0.00086975,0.006516,0
-0.00086215,0.0065153,0
-0.00085454,0.0065147,0
-0.00084693,0.006514,0
-0.00083932,0.0065133,0
-0.00083171,0.0065127,0
-0.0008241,0.006512,0
-0.00081649,0.0065114,0
-0.00080888,0.0065107,0
-0.00080127,0.0065101,0
-0.00079365,0.0065095,0
-0.00078604,0.0065088,0
-0.00077843,0.0065082,0
-0.00077081,0.0065076,0
-0.0007632,0.006507,0
-0.00075558,0.0065064,0
-0.00074797,0.0065058,0
-0.00074035,0.0065052,0
-0.00073274,0.0065047,0
-0.00072512,0.0065041,0
-0.0007175,0.0065035,0
-0.00070989,0.006503,0
-0.00070227,0.0065024,0
-0.00069465,0.0065019,0
-0.00068703,0.0065013,0
-0.00067941,0.0065008,0
-0.00067179,0.0065003,0
-0.00066417,0.0064997,0
-0.00065655,0.0064992,0
-0.00064893,0.0064987,0
-0.00064131,0.0064982,0
-0.00063369,0.0064977,0
-0.00062606,0.0064972,0
-0.00061844,0.0064967,0
-0.00061082,0.0064962,0
-0.0006032,0.0064957,0
-0.00059557,0.0064953,0
-0.00058795,0.0064948,0
-0.00058032,0.0064944,0
-0.0005727,0.0064939,0
-0.00056507,0.0064935,0
-0.00055745,0.006493,0
-0.00054982,0.0064926,0
-0.0005422,0.0064921,0
-0.00053457,0.0064917,0
-0.00052694,0.0064913,0
-0.00051932,0.0064909,0
-0.00051169,0.0064905,0
-0.00050406,0.0064901,0
-0.00049643,0.0064897,0
-0.0004888,0.0064893,0
-0.00048118,0.0064889,0
-0.00047355,0.0064886,0
-0.00046592,0.0064882,0
-0.00045829,0.0064878,0
-0.00045066,0.0064875,0
-0.00044303,0.0064871,0
-0.0004354,0.0064868,0
-0.00042777,0.0064864,0
-0.00042014,0.0064861,0
-0.0004125,0.0064858,0
-0.00040487,0.0064854,0
-0.00039724,0.0064851,0
-0.00038961,0.0064848,0
-0.00038198,0.0064845,0
-0.00037434,0.0064842,0
-0.00036671,0.0064839,0
-0.00035908,0.0064836,0
-0.00035145,0.0064834,0
-0.00034381,0.0064831,0
-0.00033618,0.0064828,0
-0.00032855,0.0064826,0
-0.00032091,0.0064823,0
-0.00031328,0.0064821,0
-0.00030564,0.0064818,0
-0.00029801,0.0064816,0
-0.00029037,0.0064813,0
-0.00028274,0.0064811,0
-0.0002751,0.0064809,0
-0.00026747,0.0064807,0
-0.00025983,0.0064805,0
-0.0002522,0.0064803,0
-0.00024456,0.0064801,0
-0.00023693,0.0064799,0
-0.00022929,0.0064797,0
-0.00022165,0.0064795,0
-0.00021402,0.0064794,0
-0.00020638,0.0064792,0
-0.00019875,0.006479,0
-0.00019111,0.0064789,0
-0.00018347,0.0064787,0
-0.00017583,0.0064786,0
-0.0001682,0.0064785,0
-0.00016056,0.0064783,0
-0.00015292,0.0064782,0
-0.00014529,0.0064781,0
-0.00013765,0.006478,0
-0.00013001,0.0064779,0
-0.00012237,0.0064778,0
-0.00011474,0.0064777,0
-0.0001071,0.0064776,0
-9.9461e-05,0.0064775,0
-9.1823e-05,0.0064774,0
-8.4185e-05,0.0064774,0
-7.6547e-05,0.0064773,0
-6.8909e-05,0.0064773,0
-6.1271e-05,0.0064772,0
-5.3633e-05,0.0064772,0
-4.5995e-05,0.0064771,0
-3.8357e-05,0.0064771,0
-3.0719e-05,0.0064771,0
-2.3081e-05,0.006477,0
-1.5443e-05,0.006477,0
-7.8044e-06,0.006477,0
1.6621e-07,0.006477,0
6.6483e-07,0.006477,0
1.4958e-06,0.006477,0
2.6593e-06,0.006477,0
4.1552e-06,0.006477,0
5.9836e-06,0.006477,0
8.1446e-06,0.006477,0
1.0638e-05,0.006477,0
1.3465e-05,0.006477,0
1.6625e-05,0.006477,0
2.0118e-05,0.006477,0
2.3945e-05,0.0064771,0
2.8106e-05,0.0064771,0
3.2601e-05,0.0064771,0
3.7431e-05,0.0064771,0
4.2597e-05,0.0064771,0
4.8099e-05,0.0064772,0
5.3938e-05,0.0064772,0
6.0115e-05,0.0064773,0
6.6631e-05,0.0064773,0
7.3486e-05,0.0064774,0
8.0684e-05,0.0064775,0
8.8224e-05,0.0064776,0
9.6109e-05,0.0064777,0
0.00010434,0.0064779,0
0.00011292,0.006478,0
0.00012185,0.0064782,0
0.00013113,0.0064783,0
0.00014077,0.0064786,0
0.00015076,0.0064788,0
0.00016112,0.006479,0
0.00017184,0.0064793,0
0.00018293,0.0064796,0
0.0001944,0.0064799,0
0.00020624,0.0064803,0
0.00021846,0.0064807,0
0.00023107,0.0064812,0
0.00024407,0.0064816,0
0.00025747,0.0064821,0
0.00027127,0.0064827,0
0.00028549,0.0064833,0
0.00030011,0.0064839,0
0.00031517,0.0064847,0
0.00033065,0.0064854,0
0.00034658,0.0064863,0
0.00036295,0.0064872,0
0.00037978,0.0064882,0
0.00039707,0.0064892,0
0.00041484,0.0064903,0
0.0004331,0.0064915,0
0.00045185,0.0064928,0
0.00047111,0.0064942,0
0.00049088,0.0064957,0
0.00051119,0.0064972,0
0.00053204,0.0064989,0
0.00055345,0.0065007,0
0.00057542,0.0065026,0
0.00059798,0.0065047,0
0.00062113,0.0065069,0
0.00064489,0.0065092,0
0.00066928,0.0065117,0
0.00069431,0.0065143,0
0.00072,0.0065172,0
0.00074636,0.0065201,0
0.00077341,0.0065233,0
0.00080117,0.0065268,0
0.00082965,0.0065304,0
0.00085886,0.0065342,0
0.00088885,0.0065383,0
0.00091961,0.0065426,0
0.00095117,0.0065472,0
0.00098355,0.0065521,0
0.0010168,0.0065573,0
0.0010508,0.0065628,0
0.0010858,0.0065687,0
0.0011216,0.0065749,0
0.0011584,0.0065814,0
0.0011961,0.0065884,0
0.0012348,0.0065958,0
0.0012744,0.0066036,0
0.0013151,0.0066119,0
0.0013568,0.0066207,0
0.0013996,0.0066301,0
0.0014434,0.0066399,0
0.0014884,0.0066503,0
0.0015118,0.0066559,0
0.0016222,0.0066829,0
0.0017902,0.006725,0
0.0019938,0.0067772,0
0.0022257,0.006838,0
0.0024814,0.0069061,0
0.0027578,0.0069808,0
0.0030526,0.0070614,0
0.0033638,0.0071472,0
0.0036899,0.0072377,0
0.0040296,0.0073323,0
0.0043818,0.0074308,0
0.0047454,0.0075324,0
0.0051196,0.0076371,0
0.0055037,0.0077444,0
0.0058971,0.0078539,0
0.0062992,0.0079653,0
0.0067091,0.0080786,0
0.007126,0.0081936,0
0.0075495,0.0083101,0
0.0079795,0.0084279,0
0.0084156,0.0085466,0
0.0088576,0.0086661,0
0.0093054,0.0087862,0
0.0097587,0.0089067,0
0.010217,0.0090274,0
0.010681,0.0091482,0
0.01115,0.0092689,0
0.011624,0.0093893,0
0.012103,0.0095094,0
0.012588,0.009629,0
0.013077,0.0097479,0
0.01357,0.0098661,0
0.014069,0.0099835,0
0.014572,0.0101,0
0.01508,0.010215,0
0.015593,0.01033,0
0.016111,0.010443,0
0.016633,0.010554,0
0.01716,0.010665,0
0.017692,0.010774,0
0.018228,0.010881,0
0.018768,0.010987,0
0.019313,0.011092,0
0.019861,0.011196,0
0.020414,0.011298,0
0.020971,0.011398,0
0.021533,0.011497,0
0.022099,0.011594,0
0.02267,0.011688,0
0.023246,0.011781,0
0.023827,0.011871,0
0.024413,0.01196,0
0.025003,0.012046,0
0.025598,0.01213,0
0.026198,0.012213,0
0.026802,0.012293,0
0.02741,0.012371,0
0.028023,0.012447,0
0.028641,0.01252,0
0.029262,0.012592,0
0.029888,0.012662,0
0.030518,0.012729,0
0.031153,0.012794,0
0.031791,0.012858,0
0.032434,0.012919,0
0.033081,0.012978,0
0.033732,0.013035,0
0.034387,0.013089,0
0.035046,0.013142,0
0.035709,0.013192,0
0.036375,0.013241,0
0.037046,0.013287,0
0.03772,0.013331,0
0.038398,0.013373,0
0.03908,0.013414,0
0.039766,0.013452,0
0.040454,0.013488,0
0.041147,0.013522,0
0.041843,0.013554,0
0.042542,0.013584,0
0.043245,0.013612,0
0.043951,0.013639,0
0.04466,0.013663,0
0.045373,0.013686,0
0.046088,0.013707,0
0.046807,0.013726,0
0.047528,0.013743,0
0.048252,0.013759,0
0.04898,0.013773,0
0.049709,0.013786,0
0.050442,0.013796,0
0.051176,0.013806,0
0.051913,0.013814,0
0.052653,0.01382,0
0.053395,0.013826,0
0.054139,0.01383,0
0.054884,0.013833,0
0.055632,0.013834,0
0.05638,0.013835,0
0.05713,0.013836,0
