-0.10626,0.02921,0
-0.10606,0.02921,0
-0.10586,0.02921,0
-0.10566,0.02921,0
-0.10546,0.02921,0
-0.10526,0.02921,0
-0.10506,0.02921,0
-0.10486,0.02921,0
-0.10466,0.02921,0
-0.10446,0.02921,0
-0.10426,0.02921,0
-0.10406,0.02921,0
-0.10386,0.02921,0
-0.10366,0.02921,0
-0.10346,0.02921,0
-0.10326,0.02921,0
-0.10306,0.02921,0
-0.10286,0.02921,0
-0.10266,0.02921,0
-0.10246,0.02921,0
-0.10226,0.02921,0
-0.10206,0.02921,0
-0.10186,0.02921,0
-0.10166,0.02921,0
-0.10146,0.02921,0
-0.10126,0.02921,0
-0.10106,0.02921,0
-0.10086,0.02921,0
-0.10066,0.02921,0
-0.10046,0.02921,0
-0.10026,0.02921,0
-0.10006,0.02921,0
-0.099856,0.02921,0
-0.099656,0.02921,0
-0.099456,0.02921,0
-0.099256,0.02921,0
-0.099056,0.02921,0
-0.098856,0.02921,0
-0.098656,0.02921,0
-0.098456,0.02921,0
-0.098256,0.02921,0
-0.098056,0.02921,0
-0.097856,0.02921,0
-0.097656,0.02921,0
-0.097456,0.02921,0
-0.097256,0.02921,0
-0.097056,0.02921,0
-0.096856,0.02921,0
-0.096656,0.02921,0
-0.096456,0.02921,0
-0.096256,0.02921,0
-0.096056,0.02921,0
-0.095856,0.02921,0
-0.095656,0.02921,0
-0.095456,0.02921,0
-0.095256,0.02921,0
-0.095056,0.02921,0
-0.094856,0.02921,0
-0.094656,0.02921,0
-0.094456,0.02921,0
-0.094256,0.02921,0
-0.094056,0.02921,0
-0.093856,0.02921,0
-0.093656,0.02921,0
-0.093456,0.02921,0
-0.093256,0.02921,0
-0.093056,0.02921,0
-0.092856,0.02921,0
-0.092656,0.02921,0
-0.092456,0.02921,0
-0.092256,0.02921,0
-0.092056,0.02921,0
-0.091856,0.02921,0
-0.091656,0.02921,0
-0.091456,0.02921,0
-0.091256,0.02921,0
-0.091056,0.02921,0
-0.090856,0.02921,0
-0.090656,0.02921,0
-0.090456,0.02921,0
-0.090256,0.02921,0
-0.090056,0.02921,0
-0.089856,0.02921,0
-0.089656,0.02921,0
-0.089456,0.02921,0
-0.089256,0.02921,0
-0.089056,0.02921,0
-0.088856,0.02921,0
-0.088656,0.02921,0
-0.088456,0.02921,0
-0.088256,0.02921,0
-0.088056,0.02921,0
-0.087856,0.02921,0
-0.087656,0.02921,0
-0.087456,0.02921,0
-0.087256,0.02921,0
-0.087056,0.02921,0
-0.086856,0.02921,0
-0.086656,0.02921,0
-0.086456,0.02921,0
-0.086256,0.02921,0
-0.086056,0.02921,0
-0.085856,0.02921,0
-0.085656,0.02921,0
-0.085456,0.02921,0
-0.085256,0.02921,0
-0.085056,0.02921,0
-0.084856,0.02921,0
-0.084656,0.02921,0
-0.084456,0.02921,0
-0.084256,0.02921,0
-0.084056,0.02921,0
-0.083856,0.02921,0
-0.083656,0.02921,0
-0.083456,0.02921,0
-0.083256,0.02921,0
-0.083056,0.02921,0
-0.082856,0.02921,0
-0.082656,0.02921,0
-0.082456,0.02921,0
-0.082256,0.02921,0
-0.082056,0.02921,0
-0.081856,0.02921,0
-0.081656,0.02921,0
-0.081456,0.02921,0
-0.081256,0.02921,0
-0.081056,0.02921,0
-0.080856,0.02921,0
-0.080656,0.02921,0
-0.080456,0.02921,0
-0.080256,0.02921,0
-0.080056,0.02921,0
-0.079856,0.02921,0
-0.079656,0.02921,0
-0.079456,0.02921,0
-0.079256,0.02921,0
-0.079056,0.02921,0
-0.078856,0.02921,0
-0.078656,0.02921,0
-0.078456,0.02921,0
-0.078256,0.02921,0
-0.078056,0.02921,0
-0.077856,0.02921,0
-0.077656,0.02921,0
-0.077456,0.02921,0
-0.077256,0.02921,0
-0.077056,0.02921,0
-0.076856,0.02921,0
-0.076656,0.02921,0
-0.076456,0.02921,0
-0.076256,0.02921,0
-0.076056,0.02921,0
-0.075856,0.02921,0
-0.075656,0.02921,0
-0.075456,0.02921,0
-0.075256,0.02921,0
-0.075056,0.02921,0
-0.074856,0.02921,0
-0.074656,0.02921,0
-0.074456,0.02921,0
-0.074256,0.02921,0
-0.074056,0.02921,0
-0.073856,0.02921,0
-0.073656,0.02921,0
-0.073456,0.02921,0
-0.073256,0.02921,0
-0.073056,0.02921,0
-0.072856,0.02921,0
-0.072656,0.02921,0
-0.072456,0.02921,0
-0.072256,0.02921,0
-0.072056,0.02921,0
-0.071856,0.02921,0
-0.071656,0.02921,0
-0.071456,0.02921,0
-0.071256,0.02921,0
-0.071056,0.02921,0
-0.070856,0.02921,0
-0.070656,0.02921,0
-0.070456,0.02921,0
-0.070256,0.02921,0
-0.070056,0.02921,0
-0.069856,0.02921,0
-0.069656,0.02921,0
-0.069456,0.02921,0
-0.069256,0.02921,0
-0.069056,0.02921,0
-0.068856,0.02921,0
-0.068656,0.02921,0
-0.068456,0.02921,0
-0.068256,0.02921,0
-0.068056,0.02921,0
-0.067856,0.02921,0
-0.067656,0.02921,0
-0.067456,0.02921,0
-0.067256,0.02921,0
-0.067056,0.02921,0
-0.066856,0.02921,0
-0.066656,0.02921,0
-0.066456,0.02921,0
-0.066256,0.02921,0
-0.066056,0.02921,0
-0.065856,0.02921,0
-0.065656,0.02921,0
-0.065456,0.02921,0
-0.065256,0.02921,0
-0.065056,0.02921,0
-0.064856,0.02921,0
-0.064656,0.02921,0
-0.064456,0.02921,0
-0.064256,0.02921,0
-0.064056,0.02921,0
-0.063856,0.02921,0
-0.063656,0.02921,0
-0.063456,0.02921,0
-0.063256,0.02921,0
-0.063056,0.02921,0
-0.062856,0.02921,0
-0.062656,0.02921,0
-0.062456,0.02921,0
-0.062256,0.02921,0
-0.062056,0.02921,0
-0.061856,0.02921,0
-0.061656,0.02921,0
-0.061456,0.02921,0
-0.061256,0.02921,0
-0.061056,0.02921,0
-0.060856,0.02921,0
-0.060656,0.02921,0
-0.060456,0.02921,0
-0.060256,0.02921,0
-0.060056,0.02921,0
-0.059856,0.02921,0
-0.059656,0.02921,0
-0.059456,0.02921,0
-0.059256,0.02921,0
-0.059056,0.02921,0
-0.058856,0.02921,0
-0.058656,0.02921,0
-0.058456,0.02921,0
-0.058256,0.02921,0
-0.058056,0.02921,0
-0.057856,0.02921,0
-0.057656,0.02921,0
-0.057456,0.02921,0
-0.057256,0.02921,0
-0.057056,0.02921,0
-0.056856,0.02921,0
-0.056656,0.02921,0
-0.056456,0.02921,0
-0.056256,0.02921,0
-0.056056,0.02921,0
-0.055856,0.02921,0
-0.055656,0.02921,0
-0.055456,0.02921,0
-0.055256,0.02921,0
-0.055056,0.02921,0
-0.054856,0.02921,0
-0.054656,0.02921,0
-0.054456,0.02921,0
-0.054256,0.02921,0
-0.054056,0.02921,0
-0.053856,0.02921,0
-0.053656,0.02921,0
-0.053456,0.02921,0
-0.053256,0.02921,0
-0.053056,0.02921,0
-0.052856,0.02921,0
-0.052656,0.02921,0
-0.052456,0.02921,0
-0.052256,0.02921,0
-0.052056,0.02921,0
-0.051856,0.02921,0
-0.051656,0.02921,0
-0.051456,0.02921,0
-0.051256,0.02921,0
-0.051056,0.02921,0
-0.050856,0.02921,0
-0.050656,0.02921,0
-0.050456,0.02921,0
-0.050256,0.02921,0
-0.050056,0.02921,0
-0.049856,0.02921,0
-0.049656,0.02921,0
-0.049456,0.02921,0
-0.049256,0.02921,0
-0.049056,0.02921,0
-0.048856,0.02921,0
-0.048656,0.02921,0
-0.048456,0.02921,0
-0.048256,0.02921,0
-0.048056,0.02921,0
-0.047856,0.02921,0
-0.047656,0.02921,0
-0.047456,0.02921,0
-0.047256,0.02921,0
-0.047056,0.02921,0
-0.046856,0.02921,0
-0.046656,0.02921,0
-0.046456,0.02921,0
-0.046256,0.02921,0
-0.046056,0.02921,0
-0.045856,0.02921,0
-0.045656,0.02921,0
-0.045456,0.02921,0
-0.045256,0.02921,0
-0.045056,0.02921,0
-0.044856,0.02921,0
-0.044656,0.02921,0
-0.044456,0.02921,0
-0.044256,0.02921,0
-0.044056,0.02921,0
-0.043856,0.02921,0
-0.043656,0.02921,0
-0.043456,0.02921,0
-0.043256,0.02921,0
-0.043056,0.02921,0
-0.042856,0.02921,0
-0.042656,0.02921,0
-0.042456,0.02921,0
-0.042256,0.02921,0
-0.042056,0.02921,0
-0.041856,0.02921,0
-0.041656,0.02921,0
-0.041456,0.02921,0
-0.041256,0.02921,0
-0.041056,0.02921,0
-0.040856,0.02921,0
-0.040656,0.02921,0
-0.040456,0.02921,0
-0.040256,0.02921,0
-0.040056,0.02921,0
-0.039856,0.02921,0
-0.039656,0.02921,0
-0.039456,0.02921,0
-0.039256,0.02921,0
-0.039056,0.02921,0
-0.038856,0.02921,0
-0.038656,0.02921,0
-0.038456,0.02921,0
-0.038256,0.02921,0
-0.038056,0.02921,0
-0.037856,0.02921,0
-0.037656,0.02921,0
-0.037456,0.02921,0
-0.037256,0.02921,0
-0.037056,0.02921,0
-0.036856,0.02921,0
-0.036656,0.02921,0
-0.036456,0.02921,0
-0.036256,0.02921,0
-0.036056,0.02921,0
-0.035856,0.02921,0
-0.035656,0.02921,0
-0.035456,0.02921,0
-0.035256,0.02921,0
-0.035056,0.02921,0
-0.034856,0.02921,0
-0.034656,0.02921,0
-0.034456,0.02921,0
-0.034256,0.02921,0
-0.034056,0.02921,0
-0.033856,0.02921,0
-0.033656,0.02921,0
-0.033456,0.02921,0
-0.033256,0.02921,0
-0.033056,0.02921,0
-0.032856,0.02921,0
-0.032656,0.02921,0
-0.032456,0.02921,0
-0.032256,0.02921,0
-0.032056,0.02921,0
-0.031856,0.02921,0
-0.031656,0.02921,0
-0.031456,0.02921,0
-0.031256,0.02921,0
-0.031056,0.02921,0
-0.030856,0.02921,0
-0.030656,0.02921,0
-0.030456,0.02921,0
-0.030256,0.02921,0
-0.030056,0.02921,0
-0.029856,0.02921,0
-0.029656,0.02921,0
-0.029456,0.02921,0
-0.029256,0.02921,0
-0.029056,0.02921,0
-0.028856,0.02921,0
-0.028656,0.02921,0
-0.028456,0.02921,0
-0.028256,0.02921,0
-0.028056,0.02921,0
-0.027856,0.02921,0
-0.027656,0.02921,0
-0.027514,0.02921,0
-0.027506,0.02921,0
-0.027498,0.029211,0
-0.02749,0.029212,0
-0.027482,0.029212,0
-0.027474,0.029213,0
-0.027467,0.029214,0
-0.027459,0.029215,0
-0.027451,0.029216,0
-0.027443,0.029216,0
-0.027435,0.029217,0
-0.027427,0.029218,0
-0.027419,0.029219,0
-0.027412,0.029219,0
-0.027404,0.02922,0
-0.027396,0.029221,0
-0.027388,0.029222,0
-0.02738,0.029222,0
-0.027372,0.029223,0
-0.027364,0.029224,0
-0.027357,0.029225,0
-0.027349,0.029225,0
-0.027341,0.029226,0
-0.027333,0.029227,0
-0.027325,0.029227,0
-0.027317,0.029228,0
-0.027309,0.029229,0
-0.027302,0.029229,0
-0.027294,0.02923,0
-0.027286,0.029231,0
-0.027278,0.029231,0
-0.02727,0.029232,0
-0.027262,0.029233,0
-0.027254,0.029233,0
-0.027247,0.029234,0
-0.027239,0.029234,0
-0.027231,0.029235,0
-0.027223,0.029236,0
-0.027215,0.029236,0
-0.027207,0.029237,0
-0.027199,0.029237,0
-0.027192,0.029238,0
-0.027184,0.029239,0
-0.027176,0.029239,0
-0.027168,0.02924,0
-0.02716,0.02924,0
-0.027152,0.029241,0
-0.027144,0.029241,0
-0.027137,0.029242,0
-0.027129,0.029242,0
-0.027121,0.029243,0
-0.027113,0.029243,0
-0.027105,0.029244,0
-0.027097,0.029244,0
-0.027089,0.029245,0
-0.027082,0.029245,0
-0.027074,0.029246,0
-0.027066,0.029246,0
-0.027058,0.029247,0
-0.02705,0.029247,0
-0.027042,0.029248,0
-0.027034,0.029248,0
-0.027027,0.029249,0
-0.027019,0.029249,0
-0.027011,0.02925,0
-0.027003,0.02925,0
-0.026995,0.02925,0
-0.026987,0.029251,0
-0.02698,0.029251,0
-0.026972,0.029252,0
-0.026964,0.029252,0
-0.026956,0.029252,0
-0.026948,0.029253,0
-0.02694,0.029253,0
-0.026932,0.029254,0
-0.026925,0.029254,0
-0.026917,0.029254,0
-0.026909,0.029255,0
-0.026901,0.029255,0
-0.026893,0.029255,0
-0.026885,0.029256,0
-0.026878,0.029256,0
-0.02687,0.029256,0
-0.026862,0.029257,0
-0.026854,0.029257,0
-0.026846,0.029257,0
-0.026838,0.029258,0
-0.02683,0.029258,0
-0.026823,0.029258,0
-0.026815,0.029258,0
-0.026807,0.029259,0
-0.026799,0.029259,0
-0.026791,0.029259,0
-0.026783,0.029259,0
-0.026776,0.02926,0
-0.026768,0.02926,0
-0.02676,0.02926,0
-0.026752,0.02926,0
-0.026744,0.029261,0
-0.026736,0.029261,0
-0.026729,0.029261,0
-0.026721,0.029261,0
-0.026713,0.029261,0
-0.026705,0.029262,0
-0.026697,0.029262,0
-0.026689,0.029262,0
-0.026682,0.029262,0
-0.026674,0.029262,0
-0.026666,0.029263,0
-0.026658,0.029263,0
-0.02665,0.029263,0
-0.026642,0.029263,0
-0.026635,0.029263,0
-0.026627,0.029263,0
-0.026619,0.029263,0
-0.026611,0.029264,0
-0.026603,0.029264,0
-0.026595,0.029264,0
-0.026588,0.029264,0
-0.02658,0.029264,0
-0.026572,0.029264,0
-0.026564,0.029264,0
-0.026556,0.029264,0
-0.026548,0.029264,0
-0.026541,0.029264,0
-0.026533,0.029264,0
-0.026525,0.029264,0
-0.026517,0.029264,0
-0.026509,0.029265,0
-0.026502,0.029265,0
-0.026494,0.029265,0
-0.026486,0.029265,0
-0.026478,0.029265,0
-0.02647,0.029265,0
-0.026462,0.029265,0
-0.026455,0.029265,0
-0.026447,0.029265,0
-0.026439,0.029265,0
-0.026431,0.029265,0
-0.026423,0.029265,0
-0.026416,0.029265,0
-0.026408,0.029264,0
-0.0264,0.029264,0
-0.026392,0.029264,0
-0.026384,0.029264,0
-0.026376,0.029264,0
-0.026369,0.029264,0
-0.026361,0.029264,0
-0.026353,0.029264,0
-0.026345,0.029264,0
-0.026337,0.029264,0
-0.02633,0.029264,0
-0.026322,0.029264,0
-0.026314,0.029264,0
-0.026306,0.029263,0
-0.026298,0.029263,0
-0.026291,0.029263,0
-0.026283,0.029263,0
-0.026275,0.029263,0
-0.026267,0.029263,0
-0.026259,0.029263,0
-0.026252,0.029262,0
-0.026244,0.029262,0
-0.026236,0.029262,0
-0.026228,0.029262,0
-0.02622,0.029262,0
-0.026213,0.029261,0
-0.026205,0.029261,0
-0.026197,0.029261,0
-0.026189,0.029261,0
-0.026181,0.029261,0
-0.026174,0.02926,0
-0.026166,0.02926,0
-0.026158,0.02926,0
-0.02615,0.02926,0
-0.026143,0.029259,0
-0.026135,0.029259,0
-0.026127,0.029259,0
-0.026119,0.029259,0
-0.026111,0.029258,0
-0.026104,0.029258,0
-0.026096,0.029258,0
-0.026088,0.029258,0
-0.02608,0.029257,0
-0.026072,0.029257,0
-0.026065,0.029257,0
-0.026057,0.029256,0
-0.026049,0.029256,0
-0.026041,0.029256,0
-0.026034,0.029255,0
-0.026026,0.029255,0
-0.026018,0.029255,0
-0.02601,0.029254,0
-0.026003,0.029254,0
-0.025995,0.029254,0
-0.025987,0.029253,0
-0.025979,0.029253,0
-0.025971,0.029252,0
-0.025964,0.029252,0
-0.025956,0.029252,0
-0.025948,0.029251,0
-0.02594,0.029251,0
-0.025933,0.02925,0
-0.025925,0.02925,0
-0.025917,0.02925,0
-0.025909,0.029249,0
-0.025902,0.029249,0
-0.025894,0.029248,0
-0.025886,0.029248,0
-0.025878,0.029247,0
-0.025871,0.029247,0
-0.025863,0.029246,0
-0.025855,0.029246,0
-0.025847,0.029246,0
-0.02584,0.029245,0
-0.025832,0.029245,0
-0.025824,0.029244,0
-0.025816,0.029244,0
-0.025809,0.029243,0
-0.025801,0.029243,0
-0.025793,0.029242,0
-0.025785,0.029241,0
-0.025778,0.029241,0
-0.02577,0.02924,0
-0.025762,0.02924,0
-0.025754,0.029239,0
-0.025747,0.029239,0
-0.025739,0.029238,0
-0.025731,0.029238,0
-0.025723,0.029237,0
-0.025716,0.029236,0
-0.025708,0.029236,0
-0.0257,0.029235,0
-0.025693,0.029235,0
-0.025685,0.029234,0
-0.025677,0.029233,0
-0.025669,0.029233,0
-0.025662,0.029232,0
-0.025654,0.029232,0
-0.025646,0.029231,0
-0.025638,0.02923,0
-0.025631,0.02923,0
-0.025623,0.029229,0
-0.025615,0.029228,0
-0.025608,0.029228,0
-0.0256,0.029227,0
-0.025592,0.029226,0
-0.025584,0.029226,0
-0.025577,0.029225,0
-0.025569,0.029224,0
-0.025561,0.029224,0
-0.025554,0.029223,0
-0.025546,0.029222,0
-0.025538,0.029221,0
-0.02553,0.029221,0
-0.025523,0.02922,0
-0.025515,0.029219,0
-0.025507,0.029218,0
-0.0255,0.029218,0
-0.025492,0.029217,0
-0.025484,0.029216,0
-0.025477,0.029215,0
-0.025469,0.029215,0
-0.025461,0.029214,0
-0.025454,0.029213,0
-0.025446,0.029212,0
-0.025438,0.029211,0
-0.02543,0.029211,0
-0.025423,0.02921,0
-0.025415,0.029209,0
-0.025407,0.029208,0
-0.0254,0.029207,0
-0.025392,0.029206,0
-0.025384,0.029206,0
-0.025377,0.029205,0
-0.025369,0.029204,0
-0.025361,0.029203,0
-0.025354,0.029202,0
-0.025346,0.029201,0
-0.025338,0.0292,0
-0.025331,0.0292,0
-0.025323,0.029199,0
-0.025315,0.029198,0
-0.025308,0.029197,0
-0.0253,0.029196,0
-0.025292,0.029195,0
-0.025285,0.029194,0
-0.025277,0.029193,0
-0.025269,0.029192,0
-0.025262,0.029191,0
-0.025254,0.02919,0
-0.025246,0.029189,0
-0.025239,0.029188,0
-0.025231,0.029187,0
-0.025223,0.029187,0
-0.025216,0.029186,0
-0.025208,0.029185,0
-0.0252,0.029184,0
-0.025193,0.029183,0
-0.025185,0.029182,0
-0.025177,0.029181,0
-0.02517,0.02918,0
-0.025162,0.029179,0
-0.025155,0.029177,0
-0.025147,0.029176,0
-0.025139,0.029175,0
-0.025132,0.029174,0
-0.025124,0.029173,0
-0.025116,0.029172,0
-0.025109,0.029171,0
-0.025101,0.02917,0
-0.025093,0.029169,0
-0.025086,0.029168,0
-0.025078,0.029167,0
-0.025071,0.029166,0
-0.025063,0.029165,0
-0.025055,0.029164,0
-0.025048,0.029163,0
-0.02504,0.029161,0
-0.025033,0.02916,0
-0.025025,0.029159,0
-0.025017,0.029158,0
-0.02501,0.029157,0
-0.025002,0.029156,0
-0.024994,0.029155,0
-0.024987,0.029153,0
-0.024979,0.029152,0
-0.024972,0.029151,0
-0.024964,0.02915,0
-0.024956,0.029149,0
-0.024949,0.029148,0
-0.024941,0.029146,0
-0.024934,0.029145,0
-0.024926,0.029144,0
-0.024918,0.029143,0
-0.024911,0.029142,0
-0.024903,0.02914,0
-0.024896,0.029139,0
-0.024888,0.029138,0
-0.024881,0.029137,0
-0.024873,0.029135,0
-0.024865,0.029134,0
-0.024858,0.029133,0
-0.02485,0.029132,0
-0.024843,0.02913,0
-0.024835,0.029129,0
-0.024828,0.029128,0
-0.02482,0.029126,0
-0.024812,0.029125,0
-0.024805,0.029124,0
-0.024797,0.029123,0
-0.02479,0.029121,0
-0.024782,0.02912,0
-0.024775,0.029119,0
-0.024767,0.029117,0
-0.024759,0.029116,0
-0.024752,0.029115,0
-0.024744,0.029113,0
-0.024737,0.029112,0
-0.024729,0.029111,0
-0.024722,0.029109,0
-0.024714,0.029108,0
-0.024707,0.029106,0
-0.024699,0.029105,0
-0.024692,0.029104,0
-0.024684,0.029102,0
-0.024676,0.029101,0
-0.024669,0.029099,0
-0.024661,0.029098,0
-0.024654,0.029097,0
-0.024646,0.029095,0
-0.024639,0.029094,0
-0.024631,0.029092,0
-0.024624,0.029091,0
-0.024616,0.029089,0
-0.024609,0.029088,0
-0.024601,0.029087,0
-0.024594,0.029085,0
-0.024586,0.029084,0
-0.024579,0.029082,0
-0.024571,0.029081,0
-0.024564,0.029079,0
-0.024556,0.029078,0
-0.024549,0.029076,0
-0.024541,0.029075,0
-0.024534,0.029073,0
-0.024526,0.029072,0
-0.024519,0.02907,0
-0.024511,0.029069,0
-0.024504,0.029067,0
-0.024496,0.029065,0
-0.024489,0.029064,0
-0.024481,0.029062,0
-0.024474,0.029061,0
-0.024466,0.029059,0
-0.024459,0.029058,0
-0.024451,0.029056,0
-0.024444,0.029055,0
-0.024436,0.029053,0
-0.024429,0.029051,0
-0.024421,0.02905,0
-0.024414,0.029048,0
-0.024406,0.029047,0
-0.024399,0.029045,0
-0.024391,0.029043,0
-0.024384,0.029042,0
-0.024376,0.02904,0
-0.024369,0.029038,0
-0.024361,0.029037,0
-0.024354,0.029035,0
-0.024347,0.029033,0
-0.024339,0.029032,0
-0.024332,0.02903,0
-0.024324,0.029028,0
-0.024317,0.029027,0
-0.024309,0.029025,0
-0.024302,0.029023,0
-0.024294,0.029022,0
-0.024287,0.02902,0
-0.02428,0.029018,0
-0.024272,0.029016,0
-0.024265,0.029015,0
-0.024257,0.029013,0
-0.02425,0.029011,0
-0.024242,0.02901,0
-0.024235,0.029008,0
-0.024228,0.029006,0
-0.02422,0.029004,0
-0.024213,0.029003,0
-0.024205,0.029001,0
-0.024198,0.028999,0
-0.02419,0.028997,0
-0.024183,0.028995,0
-0.024176,0.028994,0
-0.024168,0.028992,0
-0.024161,0.02899,0
-0.024153,0.028988,0
-0.024146,0.028986,0
-0.024139,0.028985,0
-0.024131,0.028983,0
-0.024124,0.028981,0
-0.024116,0.028979,0
-0.024109,0.028977,0
-0.024102,0.028975,0
-0.024094,0.028973,0
-0.024087,0.028972,0
-0.024079,0.02897,0
-0.024072,0.028968,0
-0.024065,0.028966,0
-0.024057,0.028964,0
-0.02405,0.028962,0
-0.024043,0.02896,0
-0.024035,0.028958,0
-0.024028,0.028957,0
-0.02402,0.028955,0
-0.024013,0.028953,0
-0.024006,0.028951,0
-0.023998,0.028949,0
-0.023991,0.028947,0
-0.023984,0.028945,0
-0.023976,0.028943,0
-0.023969,0.028941,0
-0.023962,0.028939,0
-0.023954,0.028937,0
-0.023947,0.028935,0
-0.02394,0.028933,0
-0.023932,0.028931,0
-0.023925,0.028929,0
-0.023918,0.028927,0
-0.02391,0.028925,0
-0.023903,0.028923,0
-0.023896,0.028921,0
-0.023888,0.028919,0
-0.023881,0.028917,0
-0.023874,0.028915,0
-0.023866,0.028913,0
-0.023859,0.028911,0
-0.023852,0.028909,0
-0.023844,0.028907,0
-0.023837,0.028905,0
-0.02383,0.028903,0
-0.023822,0.028901,0
-0.023815,0.028899,0
-0.023808,0.028897,0
-0.023801,0.028894,0
-0.023793,0.028892,0
-0.023786,0.02889,0
-0.023779,0.028888,0
-0.023771,0.028886,0
-0.023764,0.028884,0
-0.023757,0.028882,0
-0.023749,0.02888,0
-0.023742,0.028877,0
-0.023735,0.028875,0
-0.023728,0.028873,0
-0.02372,0.028871,0
-0.023713,0.028869,0
-0.023706,0.028867,0
-0.023699,0.028865,0
-0.023691,0.028862,0
-0.023684,0.02886,0
-0.023677,0.028858,0
-0.02367,0.028856,0
-0.023662,0.028854,0
-0.023655,0.028851,0
-0.023648,0.028849,0
-0.023641,0.028847,0
-0.023633,0.028845,0
-0.023626,0.028843,0
-0.023619,0.02884,0
-0.023612,0.028838,0
-0.023604,0.028836,0
-0.023597,0.028834,0
-0.02359,0.028831,0
-0.023583,0.028829,0
-0.023575,0.028827,0
-0.023568,0.028825,0
-0.023561,0.028822,0
-0.023554,0.02882,0
-0.023547,0.028818,0
-0.023539,0.028815,0
-0.023532,0.028813,0
-0.023525,0.028811,0
-0.023518,0.028808,0
-0.02351,0.028806,0
-0.023503,0.028804,0
-0.023496,0.028802,0
-0.023489,0.028799,0
-0.023482,0.028797,0
-0.023474,0.028794,0
-0.023467,0.028792,0
-0.02346,0.02879,0
-0.023453,0.028787,0
-0.023446,0.028785,0
-0.023439,0.028783,0
-0.023431,0.02878,0
-0.023424,0.028778,0
-0.023417,0.028776,0
-0.02341,0.028773,0
-0.023403,0.028771,0
-0.023396,0.028768,0
-0.023388,0.028766,0
-0.023381,0.028763,0
-0.023374,0.028761,0
-0.023367,0.028759,0
-0.02336,0.028756,0
-0.023353,0.028754,0
-0.023345,0.028751,0
-0.023338,0.028749,0
-0.023331,0.028746,0
-0.023324,0.028744,0
-0.023317,0.028741,0
-0.02331,0.028739,0
-0.023303,0.028737,0
-0.023296,0.028734,0
-0.023288,0.028732,0
-0.023281,0.028729,0
-0.023274,0.028727,0
-0.023267,0.028724,0
-0.02326,0.028722,0
-0.023253,0.028719,0
-0.023246,0.028716,0
-0.023239,0.028714,0
-0.023231,0.028711,0
-0.023224,0.028709,0
-0.023217,0.028706,0
-0.02321,0.028704,0
-0.023203,0.028701,0
-0.023196,0.028699,0
-0.023189,0.028696,0
-0.023182,0.028693,0
-0.023175,0.028691,0
-0.023168,0.028688,0
-0.023161,0.028686,0
-0.023154,0.028683,0
-0.023146,0.028681,0
-0.023139,0.028678,0
-0.023132,0.028675,0
-0.023125,0.028673,0
-0.023118,0.02867,0
-0.023111,0.028667,0
-0.023104,0.028665,0
-0.023097,0.028662,0
-0.02309,0.028659,0
-0.023083,0.028657,0
-0.023076,0.028654,0
-0.023069,0.028652,0
-0.023062,0.028649,0
-0.023055,0.028646,0
-0.023048,0.028643,0
-0.023041,0.028641,0
-0.023034,0.028638,0
-0.023027,0.028635,0
-0.02302,0.028633,0
-0.023013,0.02863,0
-0.023006,0.028627,0
-0.022999,0.028625,0
-0.022992,0.028622,0
-0.022985,0.028619,0
-0.022978,0.028616,0
-0.022971,0.028614,0
-0.022964,0.028611,0
-0.022957,0.028608,0
-0.02295,0.028605,0
-0.022943,0.028603,0
-0.022936,0.0286,0
-0.022929,0.028597,0
-0.022922,0.028594,0
-0.022915,0.028591,0
-0.022908,0.028589,0
-0.022901,0.028586,0
-0.022894,0.028583,0
-0.022887,0.02858,0
-0.02288,0.028577,0
-0.022873,0.028575,0
-0.022866,0.028572,0
-0.022859,0.028569,0
-0.022852,0.028566,0
-0.022845,0.028563,0
-0.022838,0.02856,0
-0.022831,0.028558,0
-0.022824,0.028555,0
-0.022817,0.028552,0
-0.02281,0.028549,0
-0.022803,0.028546,0
-0.022796,0.028543,0
-0.022789,0.02854,0
-0.022783,0.028538,0
-0.022776,0.028535,0
-0.022769,0.028532,0
-0.022762,0.028529,0
-0.022755,0.028526,0
-0.022748,0.028523,0
-0.022741,0.02852,0
-0.022734,0.028517,0
-0.022727,0.028514,0
-0.02272,0.028511,0
-0.022713,0.028508,0
-0.022707,0.028505,0
-0.0227,0.028502,0
-0.022693,0.028499,0
-0.022686,0.028496,0
-0.022679,0.028494,0
-0.022672,0.028491,0
-0.022665,0.028488,0
-0.022658,0.028485,0
-0.022651,0.028482,0
-0.022645,0.028479,0
-0.022638,0.028476,0
-0.022631,0.028473,0
-0.022624,0.02847,0
-0.022617,0.028467,0
-0.02261,0.028464,0
-0.022603,0.02846,0
-0.022597,0.028457,0
-0.02259,0.028454,0
-0.022583,0.028451,0
-0.022576,0.028448,0
-0.022569,0.028445,0
-0.022562,0.028442,0
-0.022556,0.028439,0
-0.022549,0.028436,0
-0.022542,0.028433,0
-0.022535,0.02843,0
-0.022528,0.028427,0
-0.022522,0.028424,0
-0.022515,0.028421,0
-0.022508,0.028417,0
-0.022501,0.028414,0
-0.022494,0.028411,0
-0.022488,0.028408,0
-0.022481,0.028405,0
-0.022474,0.028402,0
-0.022467,0.028399,0
-0.02246,0.028396,0
-0.022454,0.028392,0
-0.022447,0.028389,0
-0.02244,0.028386,0
-0.022433,0.028383,0
-0.022427,0.02838,0
-0.02242,0.028377,0
-0.022413,0.028373,0
-0.022406,0.02837,0
-0.022399,0.028367,0
-0.022393,0.028364,0
-0.022386,0.028361,0
-0.022379,0.028357,0
-0.022372,0.028354,0
-0.022366,0.028351,0
-0.022359,0.028348,0
-0.022352,0.028345,0
-0.022346,0.028341,0
-0.022339,0.028338,0
-0.022332,0.028335,0
-0.022325,0.028332,0
-0.022319,0.028328,0
-0.022312,0.028325,0
-0.022305,0.028322,0
-0.022299,0.028319,0
-0.022292,0.028315,0
-0.022285,0.028312,0
-0.022278,0.028309,0
-0.022272,0.028305,0
-0.022265,0.028302,0
-0.022258,0.028299,0
-0.022252,0.028296,0
-0.022245,0.028292,0
-0.022238,0.028289,0
-0.022232,0.028286,0
-0.022225,0.028282,0
-0.022218,0.028279,0
-0.022212,0.028276,0
-0.022205,0.028272,0
-0.022198,0.028269,0
-0.022192,0.028266,0
-0.022185,0.028262,0
-0.022178,0.028259,0
-0.022172,0.028255,0
-0.022165,0.028252,0
-0.022158,0.028249,0
-0.022152,0.028245,0
-0.022145,0.028242,0
-0.022139,0.028238,0
-0.022132,0.028235,0
-0.022125,0.028232,0
-0.022119,0.028228,0
-0.022112,0.028225,0
-0.022105,0.028221,0
-0.022099,0.028218,0
-0.022092,0.028215,0
-0.022086,0.028211,0
-0.022079,0.028208,0
-0.022072,0.028204,0
-0.022066,0.028201,0
-0.022059,0.028197,0
-0.022053,0.028194,0
-0.022046,0.02819,0
-0.022039,0.028187,0
-0.022033,0.028183,0
-0.022026,0.02818,0
-0.02202,0.028176,0
-0.022013,0.028173,0
-0.022007,0.028169,0
-0.022,0.028166,0
-0.021994,0.028162,0
-0.021987,0.028159,0
-0.02198,0.028155,0
-0.021974,0.028152,0
-0.021967,0.028148,0
-0.021961,0.028145,0
-0.021954,0.028141,0
-0.021948,0.028138,0
-0.021941,0.028134,0
-0.021935,0.028131,0
-0.021928,0.028127,0
-0.021922,0.028124,0
-0.021915,0.02812,0
-0.021909,0.028116,0
-0.021902,0.028113,0
-0.021896,0.028109,0
-0.021889,0.028106,0
-0.021883,0.028102,0
-0.021876,0.028098,0
-0.02187,0.028095,0
-0.021863,0.028091,0
-0.021857,0.028088,0
-0.02185,0.028084,0
-0.021844,0.02808,0
-0.021837,0.028077,0
-0.021831,0.028073,0
-0.021824,0.028069,0
-0.021818,0.028066,0
-0.021811,0.028062,0
-0.021805,0.028058,0
-0.021798,0.028055,0
-0.021792,0.028051,0
-0.021786,0.028047,0
-0.021779,0.028044,0
-0.021773,0.02804,0
-0.021766,0.028036,0
-0.02176,0.028033,0
-0.021753,0.028029,0
-0.021747,0.028025,0
-0.021741,0.028022,0
-0.021734,0.028018,0
-0.021728,0.028014,0
-0.021721,0.02801,0
-0.021715,0.028007,0
-0.021709,0.028003,0
-0.021702,0.027999,0
-0.021696,0.027995,0
-0.021689,0.027992,0
-0.021683,0.027988,0
-0.021677,0.027984,0
-0.02167,0.02798,0
-0.021664,0.027977,0
-0.021657,0.027973,0
-0.021651,0.027969,0
-0.021645,0.027965,0
-0.021638,0.027962,0
-0.021632,0.027958,0
-0.021626,0.027954,0
-0.021619,0.02795,0
-0.021613,0.027946,0
-0.021607,0.027943,0
-0.0216,0.027939,0
-0.021594,0.027935,0
-0.021588,0.027931,0
-0.021581,0.027927,0
-0.021575,0.027923,0
-0.021569,0.02792,0
-0.021562,0.027916,0
-0.021556,0.027912,0
-0.02155,0.027908,0
-0.021543,0.027904,0
-0.021537,0.0279,0
-0.021531,0.027896,0
-0.021524,0.027892,0
-0.021518,0.027889,0
-0.021512,0.027885,0
-0.021506,0.027881,0
-0.021499,0.027877,0
-0.021493,0.027873,0
-0.021487,0.027869,0
-0.02148,0.027865,0
-0.021474,0.027861,0
-0.021468,0.027857,0
-0.021462,0.027853,0
-0.021455,0.027849,0
-0.021449,0.027846,0
-0.021443,0.027842,0
-0.021437,0.027838,0
-0.02143,0.027834,0
-0.021424,0.02783,0
-0.021418,0.027826,0
-0.021412,0.027822,0
-0.021406,0.027818,0
-0.021399,0.027814,0
-0.021393,0.02781,0
-0.021387,0.027806,0
-0.021381,0.027802,0
-0.021374,0.027798,0
-0.021368,0.027794,0
-0.021362,0.02779,0
-0.021356,0.027786,0
-0.02135,0.027782,0
-0.021343,0.027778,0
-0.021337,0.027774,0
-0.021331,0.02777,0
-0.021325,0.027766,0
-0.021319,0.027762,0
-0.021313,0.027758,0
-0.021306,0.027754,0
-0.0213,0.02775,0
-0.021294,0.027745,0
-0.021288,0.027741,0
-0.021282,0.027737,0
-0.021276,0.027733,0
-0.02127,0.027729,0
-0.021263,0.027725,0
-0.021257,0.027721,0
-0.021251,0.027717,0
-0.021245,0.027713,0
-0.021239,0.027709,0
-0.021233,0.027705,0
-0.021227,0.027701,0
-0.021221,0.027696,0
-0.021214,0.027692,0
-0.021208,0.027688,0
-0.021202,0.027684,0
-0.021196,0.02768,0
-0.02119,0.027676,0
-0.021184,0.027672,0
-0.021178,0.027667,0
-0.021172,0.027663,0
-0.021166,0.027659,0
-0.02116,0.027655,0
-0.021154,0.027651,0
-0.021148,0.027647,0
-0.021141,0.027642,0
-0.021135,0.027638,0
-0.021129,0.027634,0
-0.021123,0.02763,0
-0.021117,0.027626,0
-0.021111,0.027621,0
-0.021105,0.027617,0
-0.021099,0.027613,0
-0.021093,0.027609,0
-0.021087,0.027605,0
-0.021081,0.0276,0
-0.021075,0.027596,0
-0.021069,0.027592,0
-0.021063,0.027588,0
-0.021057,0.027583,0
-0.021051,0.027579,0
-0.021045,0.027575,0
-0.021039,0.027571,0
-0.021033,0.027566,0
-0.021027,0.027562,0
-0.021021,0.027558,0
-0.021015,0.027554,0
-0.021009,0.027549,0
-0.021003,0.027545,0
-0.020997,0.027541,0
-0.020991,0.027536,0
-0.020985,0.027532,0
-0.020979,0.027528,0
-0.020973,0.027523,0
-0.020968,0.027519,0
-0.020962,0.027515,0
-0.020956,0.02751,0
-0.02095,0.027506,0
-0.020944,0.027502,0
-0.020938,0.027497,0
-0.020932,0.027493,0
-0.020926,0.027489,0
-0.02092,0.027484,0
-0.020914,0.02748,0
-0.020908,0.027476,0
-0.020902,0.027471,0
-0.020897,0.027467,0
-0.020891,0.027463,0
-0.020885,0.027458,0
-0.020879,0.027454,0
-0.020873,0.027449,0
-0.020867,0.027445,0
-0.020861,0.027441,0
-0.020855,0.027436,0
-0.02085,0.027432,0
-0.020844,0.027427,0
-0.020838,0.027423,0
-0.020832,0.027419,0
-0.020826,0.027414,0
-0.02082,0.02741,0
-0.020814,0.027405,0
-0.020809,0.027401,0
-0.020803,0.027396,0
-0.020797,0.027392,0
-0.020791,0.027387,0
-0.020785,0.027383,0
-0.020779,0.027379,0
-0.020774,0.027374,0
-0.020768,0.02737,0
-0.020762,0.027365,0
-0.020756,0.027361,0
-0.02075,0.027356,0
-0.020745,0.027352,0
-0.020739,0.027347,0
-0.020733,0.027343,0
-0.020727,0.027338,0
-0.020722,0.027334,0
-0.020716,0.027329,0
-0.02071,0.027325,0
-0.020704,0.02732,0
-0.020699,0.027316,0
-0.020693,0.027311,0
-0.020687,0.027306,0
-0.020681,0.027302,0
-0.020676,0.027297,0
-0.02067,0.027293,0
-0.020664,0.027288,0
-0.020658,0.027284,0
-0.020653,0.027279,0
-0.020647,0.027275,0
-0.020641,0.02727,0
-0.020636,0.027265,0
-0.02063,0.027261,0
-0.020624,0.027256,0
-0.020618,0.027252,0
-0.020613,0.027247,0
-0.020607,0.027242,0
-0.020601,0.027238,0
-0.020596,0.027233,0
-0.02059,0.027229,0
-0.020584,0.027224,0
-0.020579,0.027219,0
-0.020573,0.027215,0
-0.020567,0.02721,0
-0.020562,0.027206,0
-0.020556,0.027201,0
-0.02055,0.027196,0
-0.020545,0.027192,0
-0.020539,0.027187,0
-0.020534,0.027182,0
-0.020528,0.027178,0
-0.020522,0.027173,0
-0.020517,0.027168,0
-0.020511,0.027164,0
-0.020505,0.027159,0
-0.0205,0.027154,0
-0.020494,0.02715,0
-0.020489,0.027145,0
-0.020483,0.02714,0
-0.020478,0.027135,0
-0.020472,0.027131,0
-0.020466,0.027126,0
-0.020461,0.027121,0
-0.020455,0.027117,0
-0.02045,0.027112,0
-0.020444,0.027107,0
-0.020428,0.027093,0
-0.020412,0.027078,0
-0.020397,0.027063,0
-0.020381,0.027048,0
-0.020365,0.027033,0
-0.020349,0.027018,0
-0.020333,0.027003,0
-0.020318,0.026988,0
-0.020302,0.026973,0
-0.020286,0.026958,0
-0.02027,0.026943,0
-0.020254,0.026928,0
-0.020238,0.026913,0
-0.020223,0.026898,0
-0.020207,0.026883,0
-0.020191,0.026868,0
-0.020175,0.026853,0
-0.020159,0.026838,0
-0.020143,0.026823,0
-0.020128,0.026808,0
-0.020112,0.026793,0
-0.020096,0.026779,0
-0.02008,0.026764,0
-0.020064,0.026749,0
-0.020049,0.026734,0
-0.020033,0.026719,0
-0.020017,0.026704,0
-0.020001,0.026689,0
-0.019985,0.026674,0
-0.019969,0.026659,0
-0.019954,0.026644,0
-0.019938,0.026629,0
-0.019922,0.026614,0
-0.019906,0.026599,0
-0.01989,0.026584,0
-0.019874,0.026569,0
-0.019859,0.026554,0
-0.019843,0.026539,0
-0.019827,0.026524,0
-0.019811,0.026509,0
-0.019795,0.026494,0
-0.01978,0.026479,0
-0.019764,0.026464,0
-0.019748,0.026449,0
-0.019732,0.026434,0
-0.019716,0.026419,0
-0.0197,0.026404,0
-0.019685,0.026389,0
-0.019669,0.026374,0
-0.019653,0.026359,0
-0.019637,0.026344,0
-0.019621,0.026329,0
-0.019606,0.026314,0
-0.01959,0.026299,0
-0.019574,0.026284,0
-0.019558,0.026269,0
-0.019542,0.026254,0
-0.019526,0.026239,0
-0.019511,0.026224,0
-0.019495,0.026209,0
-0.019479,0.026194,0
-0.019463,0.026179,0
-0.019447,0.026164,0
-0.019431,0.026149,0
-0.019416,0.026134,0
-0.0194,0.026119,0
-0.019384,0.026104,0
-0.019368,0.026089,0
-0.019352,0.026074,0
-0.019337,0.026059,0
-0.019321,0.026044,0
-0.019305,0.026029,0
-0.019289,0.026014,0
-0.019273,0.025999,0
-0.019257,0.025984,0
-0.019242,0.025969,0
-0.019226,0.025954,0
-0.01921,0.025939,0
-0.019194,0.025924,0
-0.019178,0.025909,0
-0.019162,0.025894,0
-0.019147,0.025879,0
-0.019131,0.025864,0
-0.019115,0.025849,0
-0.019099,0.025834,0
-0.019083,0.025819,0
-0.019068,0.025804,0
-0.019052,0.025789,0
-0.019036,0.025774,0
-0.01902,0.025759,0
-0.019004,0.025744,0
-0.018988,0.025729,0
-0.018973,0.025714,0
-0.018957,0.025699,0
-0.018941,0.025684,0
-0.018925,0.025669,0
-0.018909,0.025654,0
-0.018894,0.025639,0
-0.018878,0.025624,0
-0.018862,0.025609,0
-0.018846,0.025594,0
-0.01883,0.025579,0
-0.018814,0.025564,0
-0.018799,0.025549,0
-0.018783,0.025534,0
-0.018767,0.025519,0
-0.018751,0.025504,0
-0.018735,0.025489,0
-0.018719,0.025474,0
-0.018704,0.025459,0
-0.018688,0.025444,0
-0.018672,0.025429,0
-0.018656,0.025414,0
-0.01864,0.025399,0
-0.018625,0.025384,0
-0.018609,0.025369,0
-0.018593,0.025354,0
-0.018577,0.025339,0
-0.018561,0.025324,0
-0.018545,0.025309,0
-0.01853,0.025294,0
-0.018514,0.025279,0
-0.018498,0.025264,0
-0.018482,0.025249,0
-0.018466,0.025234,0
-0.01845,0.025219,0
-0.018435,0.025204,0
-0.018419,0.025189,0
-0.018403,0.025174,0
-0.018387,0.025159,0
-0.018371,0.025144,0
-0.018356,0.025129,0
-0.01834,0.025114,0
-0.018324,0.025099,0
-0.018308,0.025084,0
-0.018292,0.025069,0
-0.018276,0.025054,0
-0.018261,0.025039,0
-0.018245,0.025024,0
-0.018229,0.025009,0
-0.018213,0.024994,0
-0.018197,0.024979,0
-0.018182,0.024964,0
-0.018166,0.024949,0
-0.01815,0.024934,0
-0.018134,0.024919,0
-0.018118,0.024904,0
-0.018102,0.024889,0
-0.018087,0.024874,0
-0.018071,0.024859,0
-0.018055,0.024844,0
-0.018039,0.024829,0
-0.018023,0.024814,0
-0.018007,0.024799,0
-0.017992,0.024784,0
-0.017976,0.024769,0
-0.01796,0.024754,0
-0.017944,0.024739,0
-0.017928,0.024724,0
-0.017913,0.024709,0
-0.017897,0.024694,0
-0.017881,0.024679,0
-0.017865,0.024664,0
-0.017849,0.024649,0
-0.017833,0.024634,0
-0.017818,0.024619,0
-0.017802,0.024604,0
-0.017786,0.024589,0
-0.01777,0.024574,0
-0.017754,0.024559,0
-0.017738,0.024544,0
-0.017723,0.024529,0
-0.017707,0.024514,0
-0.017691,0.024499,0
-0.017675,0.024484,0
-0.017659,0.024469,0
-0.017644,0.024454,0
-0.017628,0.024439,0
-0.017612,0.024424,0
-0.017596,0.024409,0
-0.01758,0.024394,0
-0.017564,0.024379,0
-0.017549,0.024364,0
-0.017533,0.024349,0
-0.017517,0.024334,0
-0.017501,0.024319,0
-0.017485,0.024304,0
-0.01747,0.024289,0
-0.017454,0.024274,0
-0.017438,0.024259,0
-0.017422,0.024244,0
-0.017406,0.024229,0
-0.01739,0.024214,0
-0.017375,0.024199,0
-0.017359,0.024184,0
-0.017343,0.024169,0
-0.017327,0.024154,0
-0.017311,0.024139,0
-0.017295,0.024124,0
-0.01728,0.024109,0
-0.017264,0.024094,0
-0.017248,0.024079,0
-0.017232,0.024064,0
-0.017216,0.024049,0
-0.017201,0.024034,0
-0.017185,0.024019,0
-0.017169,0.024004,0
-0.017153,0.023989,0
-0.017137,0.023974,0
-0.017121,0.023959,0
-0.017106,0.023944,0
-0.01709,0.023929,0
-0.017074,0.023914,0
-0.017058,0.023899,0
-0.017042,0.023884,0
-0.017026,0.023869,0
-0.017011,0.023854,0
-0.016995,0.023839,0
-0.016979,0.023824,0
-0.016963,0.023809,0
-0.016947,0.023794,0
-0.016932,0.023779,0
-0.016916,0.023764,0
-0.0169,0.023749,0
-0.016884,0.023735,0
-0.016868,0.02372,0
-0.016852,0.023705,0
-0.016837,0.02369,0
-0.016821,0.023675,0
-0.016805,0.02366,0
-0.016789,0.023645,0
-0.016773,0.02363,0
-0.016758,0.023615,0
-0.016742,0.0236,0
-0.016726,0.023585,0
-0.01671,0.02357,0
-0.016694,0.023555,0
-0.016678,0.02354,0
-0.016663,0.023525,0
-0.016647,0.02351,0
-0.016631,0.023495,0
-0.016615,0.02348,0
-0.016599,0.023465,0
-0.016583,0.02345,0
-0.016568,0.023435,0
-0.016552,0.02342,0
-0.016536,0.023405,0
-0.01652,0.02339,0
-0.016504,0.023375,0
-0.016489,0.02336,0
-0.016473,0.023345,0
-0.016457,0.02333,0
-0.016441,0.023315,0
-0.016425,0.0233,0
-0.016409,0.023285,0
-0.016394,0.02327,0
-0.016378,0.023255,0
-0.016362,0.02324,0
-0.016346,0.023225,0
-0.01633,0.02321,0
-0.016314,0.023195,0
-0.016299,0.02318,0
-0.016283,0.023165,0
-0.016267,0.02315,0
-0.016251,0.023135,0
-0.016235,0.02312,0
-0.01622,0.023105,0
-0.016204,0.02309,0
-0.016188,0.023075,0
-0.016172,0.02306,0
-0.016156,0.023045,0
-0.01614,0.02303,0
-0.016125,0.023015,0
-0.016109,0.023,0
-0.016093,0.022985,0
-0.016077,0.02297,0
-0.016061,0.022955,0
-0.016046,0.02294,0
-0.01603,0.022925,0
-0.016014,0.02291,0
-0.015998,0.022895,0
-0.015982,0.02288,0
-0.015966,0.022865,0
-0.015951,0.02285,0
-0.015935,0.022835,0
-0.015919,0.02282,0
-0.015903,0.022805,0
-0.015887,0.02279,0
-0.015871,0.022775,0
-0.015856,0.02276,0
-0.01584,0.022745,0
-0.015824,0.02273,0
-0.015808,0.022715,0
-0.015792,0.0227,0
-0.015777,0.022685,0
-0.015761,0.02267,0
-0.015745,0.022655,0
-0.015729,0.02264,0
-0.015713,0.022625,0
-0.015697,0.02261,0
-0.015682,0.022595,0
-0.015666,0.02258,0
-0.01565,0.022565,0
-0.015634,0.02255,0
-0.015618,0.022535,0
-0.015602,0.02252,0
-0.015587,0.022505,0
-0.015571,0.02249,0
-0.015555,0.022475,0
-0.015539,0.02246,0
-0.015523,0.022445,0
-0.015508,0.02243,0
-0.015492,0.022415,0
-0.015476,0.0224,0
-0.01546,0.022385,0
-0.015444,0.02237,0
-0.015428,0.022355,0
-0.015413,0.02234,0
-0.015397,0.022325,0
-0.015381,0.02231,0
-0.015365,0.022295,0
-0.015349,0.02228,0
-0.015334,0.022265,0
-0.015318,0.02225,0
-0.015302,0.022235,0
-0.015286,0.02222,0
-0.01527,0.022205,0
-0.015254,0.02219,0
-0.015239,0.022175,0
-0.015223,0.02216,0
-0.015207,0.022145,0
-0.015191,0.02213,0
-0.015175,0.022115,0
-0.015159,0.0221,0
-0.015144,0.022085,0
-0.015128,0.02207,0
-0.015112,0.022055,0
-0.015096,0.02204,0
-0.01508,0.022025,0
-0.015065,0.02201,0
-0.015049,0.021995,0
-0.015033,0.02198,0
-0.015017,0.021965,0
-0.015001,0.02195,0
-0.014985,0.021935,0
-0.01497,0.02192,0
-0.014954,0.021905,0
-0.014938,0.02189,0
-0.014922,0.021875,0
-0.014906,0.02186,0
-0.014891,0.021845,0
-0.014875,0.02183,0
-0.014859,0.021815,0
-0.014843,0.0218,0
-0.014827,0.021785,0
-0.014811,0.02177,0
-0.014796,0.021755,0
-0.01478,0.02174,0
-0.014764,0.021725,0
-0.014748,0.02171,0
-0.014732,0.021695,0
-0.014716,0.02168,0
-0.014701,0.021665,0
-0.014685,0.02165,0
-0.014669,0.021635,0
-0.014653,0.02162,0
-0.014637,0.021605,0
-0.014622,0.02159,0
-0.014606,0.021575,0
-0.01459,0.02156,0
-0.014574,0.021545,0
-0.014558,0.02153,0
-0.014542,0.021515,0
-0.014527,0.0215,0
-0.014511,0.021485,0
-0.014495,0.02147,0
-0.014479,0.021455,0
-0.014463,0.02144,0
-0.014447,0.021425,0
-0.014432,0.02141,0
-0.014416,0.021395,0
-0.0144,0.02138,0
-0.014384,0.021365,0
-0.014368,0.02135,0
-0.014353,0.021335,0
-0.014337,0.02132,0
-0.014321,0.021305,0
-0.014305,0.02129,0
-0.014289,0.021275,0
-0.014273,0.02126,0
-0.014258,0.021245,0
-0.014242,0.02123,0
-0.014226,0.021215,0
-0.01421,0.0212,0
-0.014194,0.021185,0
-0.014179,0.02117,0
-0.014163,0.021155,0
-0.014147,0.02114,0
-0.014131,0.021125,0
-0.014115,0.02111,0
-0.014099,0.021095,0
-0.014084,0.02108,0
-0.014068,0.021065,0
-0.014052,0.02105,0
-0.014036,0.021035,0
-0.01402,0.02102,0
-0.014004,0.021005,0
-0.013989,0.02099,0
-0.013973,0.020975,0
-0.013957,0.02096,0
-0.013941,0.020945,0
-0.013925,0.02093,0
-0.01391,0.020915,0
-0.013894,0.0209,0
-0.013878,0.020885,0
-0.013862,0.02087,0
-0.013846,0.020855,0
-0.01383,0.02084,0
-0.013815,0.020825,0
-0.013799,0.02081,0
-0.013783,0.020795,0
-0.013767,0.02078,0
-0.013751,0.020765,0
-0.013735,0.02075,0
-0.01372,0.020735,0
-0.013704,0.02072,0
-0.013688,0.020706,0
-0.013672,0.020691,0
-0.013656,0.020676,0
-0.013641,0.020661,0
-0.013625,0.020646,0
-0.013609,0.020631,0
-0.013593,0.020616,0
-0.013577,0.020601,0
-0.013561,0.020586,0
-0.013546,0.020571,0
-0.01353,0.020556,0
-0.013514,0.020541,0
-0.013498,0.020526,0
-0.013482,0.020511,0
-0.013467,0.020496,0
-0.013451,0.020481,0
-0.013435,0.020466,0
-0.013419,0.020451,0
-0.013403,0.020436,0
-0.013387,0.020421,0
-0.013372,0.020406,0
-0.013356,0.020391,0
-0.01334,0.020376,0
-0.013324,0.020361,0
-0.013308,0.020346,0
-0.013292,0.020331,0
-0.013277,0.020316,0
-0.013261,0.020301,0
-0.013245,0.020286,0
-0.013229,0.020271,0
-0.013213,0.020256,0
-0.013198,0.020241,0
-0.013182,0.020226,0
-0.013166,0.020211,0
-0.01315,0.020196,0
-0.013134,0.020181,0
-0.013118,0.020166,0
-0.013103,0.020151,0
-0.013087,0.020136,0
-0.013071,0.020121,0
-0.013055,0.020106,0
-0.013039,0.020091,0
-0.013023,0.020076,0
-0.013008,0.020061,0
-0.012992,0.020046,0
-0.012976,0.020031,0
-0.01296,0.020016,0
-0.012944,0.020001,0
-0.012929,0.019986,0
-0.012913,0.019971,0
-0.012897,0.019956,0
-0.012881,0.019941,0
-0.012865,0.019926,0
-0.012849,0.019911,0
-0.012834,0.019896,0
-0.012818,0.019881,0
-0.012802,0.019866,0
-0.012786,0.019851,0
-0.01277,0.019836,0
-0.012755,0.019821,0
-0.012739,0.019806,0
-0.012723,0.019791,0
-0.012707,0.019776,0
-0.012691,0.019761,0
-0.012675,0.019746,0
-0.01266,0.019731,0
-0.012644,0.019716,0
-0.012628,0.019701,0
-0.012612,0.019686,0
-0.012596,0.019671,0
-0.01258,0.019656,0
-0.012565,0.019641,0
-0.012549,0.019626,0
-0.012533,0.019611,0
-0.012517,0.019596,0
-0.012501,0.019581,0
-0.012486,0.019566,0
-0.01247,0.019551,0
-0.012454,0.019536,0
-0.012438,0.019521,0
-0.012422,0.019506,0
-0.012406,0.019491,0
-0.012391,0.019476,0
-0.012375,0.019461,0
-0.012359,0.019446,0
-0.012343,0.019431,0
-0.012327,0.019416,0
-0.012311,0.019401,0
-0.012296,0.019386,0
-0.01228,0.019371,0
-0.012264,0.019356,0
-0.012248,0.019341,0
-0.012232,0.019326,0
-0.012217,0.019311,0
-0.012201,0.019296,0
-0.012185,0.019281,0
-0.012169,0.019266,0
-0.012153,0.019251,0
-0.012137,0.019236,0
-0.012122,0.019221,0
-0.012106,0.019206,0
-0.01209,0.019191,0
-0.012074,0.019176,0
-0.012058,0.019161,0
-0.012043,0.019146,0
-0.012027,0.019131,0
-0.012011,0.019116,0
-0.011995,0.019101,0
-0.011979,0.019086,0
-0.011963,0.019071,0
-0.011948,0.019056,0
-0.011932,0.019041,0
-0.011916,0.019026,0
-0.0119,0.019011,0
-0.011884,0.018996,0
-0.011868,0.018981,0
-0.011853,0.018966,0
-0.011837,0.018951,0
-0.011821,0.018936,0
-0.011805,0.018921,0
-0.011789,0.018906,0
-0.011774,0.018891,0
-0.011758,0.018876,0
-0.011742,0.018861,0
-0.011726,0.018846,0
-0.01171,0.018831,0
-0.011694,0.018816,0
-0.011679,0.018801,0
-0.011663,0.018786,0
-0.011647,0.018771,0
-0.011631,0.018756,0
-0.011615,0.018741,0
-0.011599,0.018726,0
-0.011584,0.018711,0
-0.011568,0.018696,0
-0.011552,0.018681,0
-0.011536,0.018666,0
-0.01152,0.018651,0
-0.011505,0.018636,0
-0.011489,0.018621,0
-0.011473,0.018606,0
-0.011457,0.018591,0
-0.011441,0.018576,0
-0.011425,0.018561,0
-0.01141,0.018546,0
-0.011394,0.018531,0
-0.011378,0.018516,0
-0.011362,0.018501,0
-0.011346,0.018486,0
-0.011331,0.018471,0
-0.011315,0.018456,0
-0.011299,0.018441,0
-0.011283,0.018426,0
-0.011267,0.018411,0
-0.011251,0.018396,0
-0.011236,0.018381,0
-0.01122,0.018366,0
-0.011204,0.018351,0
-0.011188,0.018336,0
-0.011172,0.018321,0
-0.011156,0.018306,0
-0.011141,0.018291,0
-0.011125,0.018276,0
-0.011109,0.018261,0
-0.011093,0.018246,0
-0.011077,0.018231,0
-0.011062,0.018216,0
-0.011046,0.018201,0
-0.01103,0.018186,0
-0.011014,0.018171,0
-0.010998,0.018156,0
-0.010982,0.018141,0
-0.010967,0.018126,0
-0.010951,0.018111,0
-0.010935,0.018096,0
-0.010919,0.018081,0
-0.010903,0.018066,0
-0.010887,0.018051,0
-0.010872,0.018036,0
-0.010856,0.018021,0
-0.01084,0.018006,0
-0.010824,0.017991,0
-0.010808,0.017976,0
-0.010793,0.017961,0
-0.010777,0.017946,0
-0.010761,0.017931,0
-0.010745,0.017916,0
-0.010729,0.017901,0
-0.010713,0.017886,0
-0.010698,0.017871,0
-0.010682,0.017856,0
-0.010666,0.017841,0
-0.01065,0.017826,0
-0.010634,0.017811,0
-0.010619,0.017796,0
-0.010603,0.017781,0
-0.010587,0.017766,0
-0.010571,0.017751,0
-0.010555,0.017736,0
-0.010539,0.017721,0
-0.010524,0.017706,0
-0.010508,0.017691,0
-0.010492,0.017676,0
-0.010476,0.017662,0
-0.01046,0.017647,0
-0.010444,0.017632,0
-0.010429,0.017617,0
-0.010413,0.017602,0
-0.010397,0.017587,0
-0.010381,0.017572,0
-0.010365,0.017557,0
-0.01035,0.017542,0
-0.010334,0.017527,0
-0.010318,0.017512,0
-0.010302,0.017497,0
-0.010286,0.017482,0
-0.01027,0.017467,0
-0.010255,0.017452,0
-0.010239,0.017437,0
-0.010223,0.017422,0
-0.010207,0.017407,0
-0.010191,0.017392,0
-0.010175,0.017377,0
-0.01016,0.017362,0
-0.010144,0.017347,0
-0.010128,0.017332,0
-0.010112,0.017317,0
-0.010096,0.017302,0
-0.010081,0.017287,0
-0.010065,0.017272,0
-0.010049,0.017257,0
-0.010033,0.017242,0
-0.010017,0.017227,0
-0.010001,0.017212,0
-0.0099856,0.017197,0
-0.0099698,0.017182,0
-0.009954,0.017167,0
-0.0099382,0.017152,0
-0.0099223,0.017137,0
-0.0099065,0.017122,0
-0.0098907,0.017107,0
-0.0098749,0.017092,0
-0.0098591,0.017077,0
-0.0098432,0.017062,0
-0.0098274,0.017047,0
-0.0098116,0.017032,0
-0.0097958,0.017017,0
-0.0097799,0.017002,0
-0.0097641,0.016987,0
-0.0097483,0.016972,0
-0.0097325,0.016957,0
-0.0097167,0.016942,0
-0.0097008,0.016927,0
-0.009685,0.016912,0
-0.0096692,0.016897,0
-0.0096534,0.016882,0
-0.0096375,0.016867,0
-0.0096217,0.016852,0
-0.0096059,0.016837,0
-0.0095901,0.016822,0
-0.0095743,0.016807,0
-0.0095584,0.016792,0
-0.0095426,0.016777,0
-0.0095268,0.016762,0
-0.009511,0.016747,0
-0.0094951,0.016732,0
-0.0094793,0.016717,0
-0.0094635,0.016702,0
-0.0094477,0.016687,0
-0.0094319,0.016672,0
-0.009416,0.016657,0
-0.0094002,0.016642,0
-0.0093844,0.016627,0
-0.0093686,0.016612,0
-0.0093527,0.016597,0
-0.0093369,0.016582,0
-0.0093211,0.016567,0
-0.0093053,0.016552,0
-0.0092895,0.016537,0
-0.0092736,0.016522,0
-0.0092578,0.016507,0
-0.009242,0.016492,0
-0.0092262,0.016477,0
-0.0092103,0.016462,0
-0.0091945,0.016447,0
-0.0091787,0.016432,0
-0.0091629,0.016417,0
-0.0091471,0.016402,0
-0.0091312,0.016387,0
-0.0091154,0.016372,0
-0.0090996,0.016357,0
-0.0090838,0.016342,0
-0.0090679,0.016327,0
-0.0090521,0.016312,0
-0.0090363,0.016297,0
-0.0090205,0.016282,0
-0.0090047,0.016267,0
-0.0089888,0.016252,0
-0.008973,0.016237,0
-0.0089572,0.016222,0
-0.0089414,0.016207,0
-0.0089255,0.016192,0
-0.0089097,0.016177,0
-0.0088939,0.016162,0
-0.0088781,0.016147,0
-0.0088623,0.016132,0
-0.0088464,0.016117,0
-0.0088306,0.016102,0
-0.0088148,0.016087,0
-0.008799,0.016072,0
-0.0087831,0.016057,0
-0.0087673,0.016042,0
-0.0087515,0.016027,0
-0.0087357,0.016012,0
-0.0087199,0.015997,0
-0.008704,0.015982,0
-0.0086882,0.015967,0
-0.0086724,0.015952,0
-0.0086566,0.015937,0
-0.0086407,0.015922,0
-0.0086249,0.015907,0
-0.0086091,0.015892,0
-0.0085933,0.015877,0
-0.0085775,0.015862,0
-0.0085616,0.015847,0
-0.0085458,0.015832,0
-0.00853,0.015817,0
-0.0085142,0.015802,0
-0.0084983,0.015787,0
-0.0084825,0.015772,0
-0.0084667,0.015757,0
-0.0084509,0.015742,0
-0.0084351,0.015727,0
-0.0084192,0.015712,0
-0.0084034,0.015697,0
-0.0083876,0.015682,0
-0.0083718,0.015667,0
-0.0083559,0.015652,0
-0.0083401,0.015637,0
-0.0083243,0.015622,0
-0.0083085,0.015607,0
-0.0082927,0.015592,0
-0.0082768,0.015577,0
-0.008261,0.015562,0
-0.0082452,0.015547,0
-0.0082294,0.015532,0
-0.0082135,0.015517,0
-0.0081977,0.015502,0
-0.0081819,0.015487,0
-0.0081661,0.015472,0
-0.0081503,0.015457,0
-0.0081344,0.015442,0
-0.0081186,0.015427,0
-0.0081028,0.015412,0
-0.008087,0.015397,0
-0.0080711,0.015382,0
-0.0080553,0.015367,0
-0.0080395,0.015352,0
-0.0080237,0.015337,0
-0.0080079,0.015322,0
-0.007992,0.015307,0
-0.0079762,0.015292,0
-0.0079604,0.015277,0
-0.0079446,0.015262,0
-0.0079287,0.015247,0
-0.0079129,0.015232,0
-0.0078971,0.015217,0
-0.0078813,0.015202,0
-0.0078655,0.015187,0
-0.0078496,0.015172,0
-0.0078338,0.015157,0
-0.007818,0.015142,0
-0.0078022,0.015127,0
-0.0077863,0.015112,0
-0.0077705,0.015097,0
-0.0077547,0.015082,0
-0.0077389,0.015067,0
-0.0077231,0.015052,0
-0.0077072,0.015037,0
-0.0076914,0.015022,0
-0.0076756,0.015007,0
-0.0076598,0.014992,0
-0.0076439,0.014977,0
-0.0076281,0.014962,0
-0.0076123,0.014947,0
-0.0075965,0.014932,0
-0.0075807,0.014917,0
-0.0075648,0.014902,0
-0.0075593,0.014898,0
-0.0075537,0.014893,0
-0.0075481,0.014888,0
-0.0075426,0.014884,0
-0.007537,0.014879,0
-0.0075314,0.014874,0
-0.0075258,0.014869,0
-0.0075202,0.014865,0
-0.0075146,0.01486,0
-0.007509,0.014855,0
-0.0075034,0.014851,0
-0.0074978,0.014846,0
-0.0074922,0.014841,0
-0.0074866,0.014837,0
-0.007481,0.014832,0
-0.0074754,0.014827,0
-0.0074697,0.014823,0
-0.0074641,0.014818,0
-0.0074584,0.014813,0
-0.0074528,0.014809,0
-0.0074472,0.014804,0
-0.0074415,0.014799,0
-0.0074359,0.014795,0
-0.0074302,0.01479,0
-0.0074245,0.014786,0
-0.0074189,0.014781,0
-0.0074132,0.014776,0
-0.0074075,0.014772,0
-0.0074018,0.014767,0
-0.0073961,0.014762,0
-0.0073905,0.014758,0
-0.0073848,0.014753,0
-0.0073791,0.014749,0
-0.0073734,0.014744,0
-0.0073677,0.01474,0
-0.0073619,0.014735,0
-0.0073562,0.01473,0
-0.0073505,0.014726,0
-0.0073448,0.014721,0
-0.0073391,0.014717,0
-0.0073333,0.014712,0
-0.0073276,0.014708,0
-0.0073218,0.014703,0
-0.0073161,0.014699,0
-0.0073104,0.014694,0
-0.0073046,0.014689,0
-0.0072988,0.014685,0
-0.0072931,0.01468,0
-0.0072873,0.014676,0
-0.0072815,0.014671,0
-0.0072758,0.014667,0
-0.00727,0.014662,0
-0.0072642,0.014658,0
-0.0072584,0.014653,0
-0.0072526,0.014649,0
-0.0072468,0.014644,0
-0.007241,0.01464,0
-0.0072352,0.014635,0
-0.0072294,0.014631,0
-0.0072236,0.014627,0
-0.0072178,0.014622,0
-0.007212,0.014618,0
-0.0072062,0.014613,0
-0.0072003,0.014609,0
-0.0071945,0.014604,0
-0.0071887,0.0146,0
-0.0071828,0.014595,0
-0.007177,0.014591,0
-0.0071711,0.014587,0
-0.0071653,0.014582,0
-0.0071594,0.014578,0
-0.0071535,0.014573,0
-0.0071477,0.014569,0
-0.0071418,0.014565,0
-0.0071359,0.01456,0
-0.0071301,0.014556,0
-0.0071242,0.014551,0
-0.0071183,0.014547,0
-0.0071124,0.014543,0
-0.0071065,0.014538,0
-0.0071006,0.014534,0
-0.0070947,0.014529,0
-0.0070888,0.014525,0
-0.0070829,0.014521,0
-0.007077,0.014516,0
-0.0070711,0.014512,0
-0.0070651,0.014508,0
-0.0070592,0.014503,0
-0.0070533,0.014499,0
-0.0070473,0.014495,0
-0.0070414,0.01449,0
-0.0070355,0.014486,0
-0.0070295,0.014481,0
-0.0070236,0.014475,0
-0.0070176,0.01447,0
-0.0070116,0.014465,0
-0.0070057,0.014459,0
-0.0069997,0.014454,0
-0.0069937,0.014448,0
-0.0069878,0.014443,0
-0.0069818,0.014437,0
-0.0069758,0.014432,0
-0.0069698,0.014426,0
-0.0069638,0.014421,0
-0.0069578,0.014416,0
-0.0069518,0.01441,0
-0.0069458,0.014405,0
-0.0069398,0.014399,0
-0.0069338,0.014394,0
-0.0069278,0.014389,0
-0.0069218,0.014383,0
-0.0069157,0.014378,0
-0.0069097,0.014372,0
-0.0069037,0.014367,0
-0.0068977,0.014362,0
-0.0068916,0.014356,0
-0.0068856,0.014351,0
-0.0068795,0.014346,0
-0.0068735,0.01434,0
-0.0068674,0.014335,0
-0.0068614,0.01433,0
-0.0068553,0.014324,0
-0.0068492,0.014319,0
-0.0068432,0.014314,0
-0.0068371,0.014308,0
-0.006831,0.014303,0
-0.0068249,0.014298,0
-0.0068188,0.014292,0
-0.0068127,0.014287,0
-0.0068067,0.014282,0
-0.0068006,0.014276,0
-0.0067945,0.014271,0
-0.0067883,0.014266,0
-0.0067822,0.014261,0
-0.0067761,0.014255,0
-0.00677,0.01425,0
-0.0067639,0.014245,0
-0.0067578,0.014239,0
-0.0067516,0.014234,0
-0.0067455,0.014229,0
-0.0067394,0.014224,0
-0.0067332,0.014218,0
-0.0067271,0.014213,0
-0.0067209,0.014208,0
-0.0067148,0.014203,0
-0.0067086,0.014197,0
-0.0067025,0.014192,0
-0.0066963,0.014187,0
-0.0066901,0.014182,0
-0.006684,0.014177,0
-0.0066778,0.014171,0
-0.0066716,0.014166,0
-0.0066654,0.014161,0
-0.0066592,0.014156,0
-0.006653,0.014151,0
-0.0066468,0.014146,0
-0.0066406,0.01414,0
-0.0066344,0.014135,0
-0.0066282,0.01413,0
-0.006622,0.014125,0
-0.0066158,0.01412,0
-0.0066096,0.014115,0
-0.0066034,0.014109,0
-0.0065972,0.014104,0
-0.0065909,0.014099,0
-0.0065847,0.014094,0
-0.0065785,0.014089,0
-0.0065722,0.014084,0
-0.006566,0.014079,0
-0.0065597,0.014074,0
-0.0065535,0.014068,0
-0.0065472,0.014063,0
-0.006541,0.014058,0
-0.0065347,0.014053,0
-0.0065284,0.014048,0
-0.0065222,0.014043,0
-0.0065159,0.014038,0
-0.0065096,0.014033,0
-0.0065033,0.014028,0
-0.0064971,0.014023,0
-0.0064908,0.014018,0
-0.0064845,0.014013,0
-0.0064782,0.014008,0
-0.0064719,0.014003,0
-0.0064656,0.013998,0
-0.0064593,0.013993,0
-0.006453,0.013988,0
-0.0064466,0.013983,0
-0.0064403,0.013977,0
-0.006434,0.013972,0
-0.0064277,0.013967,0
-0.0064213,0.013962,0
-0.006415,0.013957,0
-0.0064087,0.013953,0
-0.0064023,0.013948,0
-0.006396,0.013943,0
-0.0063896,0.013938,0
-0.0063833,0.013933,0
-0.0063769,0.013928,0
-0.0063706,0.013923,0
-0.0063642,0.013918,0
-0.0063579,0.013913,0
-0.0063515,0.013908,0
-0.0063451,0.013903,0
-0.0063387,0.013898,0
-0.0063324,0.013893,0
-0.006326,0.013888,0
-0.0063196,0.013883,0
-0.0063132,0.013878,0
-0.0063068,0.013873,0
-0.0063004,0.013868,0
-0.006294,0.013864,0
-0.0062876,0.013859,0
-0.0062812,0.013854,0
-0.0062748,0.013849,0
-0.0062684,0.013844,0
-0.0062619,0.013839,0
-0.0062555,0.013834,0
-0.0062491,0.013829,0
-0.0062427,0.013825,0
-0.0062362,0.01382,0
-0.0062298,0.013815,0
-0.0062234,0.01381,0
-0.0062169,0.013805,0
-0.0062105,0.0138,0
-0.006204,0.013796,0
-0.0061976,0.013791,0
-0.0061911,0.013786,0
-0.0061846,0.013781,0
-0.0061782,0.013776,0
-0.0061717,0.013771,0
-0.0061652,0.013767,0
-0.0061588,0.013762,0
-0.0061523,0.013757,0
-0.0061458,0.013752,0
-0.0061393,0.013748,0
-0.0061328,0.013743,0
-0.0061263,0.013738,0
-0.0061198,0.013733,0
-0.0061133,0.013728,0
-0.0061068,0.013724,0
-0.0061003,0.013719,0
-0.0060938,0.013714,0
-0.0060873,0.01371,0
-0.0060808,0.013705,0
-0.0060743,0.0137,0
-0.0060677,0.013695,0
-0.0060612,0.013691,0
-0.0060547,0.013686,0
-0.0060481,0.013681,0
-0.0060416,0.013677,0
-0.0060351,0.013672,0
-0.0060285,0.013667,0
-0.006022,0.013662,0
-0.0060154,0.013658,0
-0.0060089,0.013653,0
-0.0060023,0.013648,0
-0.0059957,0.013644,0
-0.0059892,0.013639,0
-0.0059826,0.013634,0
-0.005976,0.01363,0
-0.0059695,0.013625,0
-0.0059629,0.013621,0
-0.0059563,0.013616,0
-0.0059497,0.013611,0
-0.0059431,0.013607,0
-0.0059365,0.013602,0
-0.0059299,0.013597,0
-0.0059233,0.013593,0
-0.0059167,0.013588,0
-0.0059101,0.013584,0
-0.0059035,0.013579,0
-0.0058969,0.013574,0
-0.0058903,0.01357,0
-0.0058837,0.013565,0
-0.005877,0.013561,0
-0.0058704,0.013556,0
-0.0058638,0.013552,0
-0.0058572,0.013547,0
-0.0058505,0.013542,0
-0.0058439,0.013538,0
-0.0058372,0.013533,0
-0.0058306,0.013529,0
-0.0058239,0.013524,0
-0.0058173,0.01352,0
-0.0058106,0.013515,0
-0.005804,0.013511,0
-0.0057973,0.013506,0
-0.0057906,0.013502,0
-0.005784,0.013497,0
-0.0057773,0.013493,0
-0.0057706,0.013488,0
-0.005764,0.013484,0
-0.0057573,0.013479,0
-0.0057506,0.013475,0
-0.0057439,0.01347,0
-0.0057372,0.013466,0
-0.0057305,0.013461,0
-0.0057238,0.013457,0
-0.0057171,0.013453,0
-0.0057104,0.013448,0
-0.0057037,0.013444,0
-0.005697,0.013439,0
-0.0056903,0.013435,0
-0.0056836,0.01343,0
-0.0056768,0.013426,0
-0.0056701,0.013422,0
-0.0056634,0.013417,0
-0.0056567,0.013413,0
-0.0056499,0.013408,0
-0.0056432,0.013404,0
-0.0056364,0.0134,0
-0.0056297,0.013395,0
-0.005623,0.013391,0
-0.0056162,0.013387,0
-0.0056095,0.013382,0
-0.0056027,0.013378,0
-0.0055959,0.013373,0
-0.0055892,0.013369,0
-0.0055824,0.013365,0
-0.0055756,0.01336,0
-0.0055689,0.013356,0
-0.0055621,0.013352,0
-0.0055553,0.013348,0
-0.0055485,0.013343,0
-0.0055418,0.013339,0
-0.005535,0.013335,0
-0.0055282,0.01333,0
-0.0055214,0.013326,0
-0.0055146,0.013322,0
-0.0055078,0.013317,0
-0.005501,0.013313,0
-0.0054942,0.013309,0
-0.0054874,0.013305,0
-0.0054806,0.0133,0
-0.0054737,0.013296,0
-0.0054669,0.013292,0
-0.0054601,0.013288,0
-0.0054533,0.013283,0
-0.0054465,0.013279,0
-0.0054396,0.013275,0
-0.0054328,0.013271,0
-0.005426,0.013266,0
-0.0054191,0.013262,0
-0.0054123,0.013258,0
-0.0054054,0.013254,0
-0.0053986,0.01325,0
-0.0053917,0.013245,0
-0.0053849,0.013241,0
-0.005378,0.013237,0
-0.0053712,0.013233,0
-0.0053643,0.013229,0
-0.0053574,0.013225,0
-0.0053506,0.01322,0
-0.0053437,0.013216,0
-0.0053368,0.013212,0
-0.0053299,0.013208,0
-0.005323,0.013204,0
-0.0053162,0.0132,0
-0.0053093,0.013196,0
-0.0053024,0.013192,0
-0.0052955,0.013187,0
-0.0052886,0.013183,0
-0.0052817,0.013179,0
-0.0052748,0.013175,0
-0.0052679,0.013171,0
-0.005261,0.013167,0
-0.0052541,0.013163,0
-0.0052471,0.013159,0
-0.0052402,0.013155,0
-0.0052333,0.013151,0
-0.0052264,0.013147,0
-0.0052195,0.013143,0
-0.0052125,0.013138,0
-0.0052056,0.013134,0
-0.0051987,0.01313,0
-0.0051917,0.013126,0
-0.0051848,0.013122,0
-0.0051778,0.013118,0
-0.0051709,0.013114,0
-0.005164,0.01311,0
-0.005157,0.013106,0
-0.00515,0.013102,0
-0.0051431,0.013098,0
-0.0051361,0.013094,0
-0.0051292,0.01309,0
-0.0051222,0.013086,0
-0.0051152,0.013082,0
-0.0051083,0.013078,0
-0.0051013,0.013074,0
-0.0050943,0.013071,0
-0.0050873,0.013067,0
-0.0050803,0.013063,0
-0.0050734,0.013059,0
-0.0050664,0.013055,0
-0.0050594,0.013051,0
-0.0050524,0.013047,0
-0.0050454,0.013043,0
-0.0050384,0.013039,0
-0.0050314,0.013035,0
-0.0050244,0.013031,0
-0.0050174,0.013027,0
-0.0050103,0.013023,0
-0.0050033,0.01302,0
-0.0049963,0.013016,0
-0.0049893,0.013012,0
-0.0049823,0.013008,0
-0.0049752,0.013004,0
-0.0049682,0.013,0
-0.0049612,0.012996,0
-0.0049542,0.012993,0
-0.0049471,0.012989,0
-0.0049401,0.012985,0
-0.004933,0.012981,0
-0.004926,0.012977,0
-0.0049189,0.012973,0
-0.0049119,0.01297,0
-0.0049048,0.012966,0
-0.0048978,0.012962,0
-0.0048907,0.012958,0
-0.0048837,0.012954,0
-0.0048766,0.012951,0
-0.0048695,0.012947,0
-0.0048625,0.012943,0
-0.0048554,0.012939,0
-0.0048483,0.012936,0
-0.0048412,0.012932,0
-0.0048342,0.012928,0
-0.0048271,0.012924,0
-0.00482,0.012921,0
-0.0048129,0.012917,0
-0.0048058,0.012913,0
-0.0047987,0.012909,0
-0.0047916,0.012906,0
-0.0047845,0.012902,0
-0.0047774,0.012898,0
-0.0047703,0.012895,0
-0.0047632,0.012891,0
-0.0047561,0.012887,0
-0.004749,0.012883,0
-0.0047419,0.01288,0
-0.0047348,0.012876,0
-0.0047276,0.012872,0
-0.0047205,0.012869,0
-0.0047134,0.012865,0
-0.0047063,0.012861,0
-0.0046991,0.012858,0
-0.004692,0.012854,0
-0.0046849,0.012851,0
-0.0046777,0.012847,0
-0.0046706,0.012843,0
-0.0046634,0.01284,0
-0.0046563,0.012836,0
-0.0046491,0.012832,0
-0.004642,0.012829,0
-0.0046348,0.012825,0
-0.0046277,0.012822,0
-0.0046205,0.012818,0
-0.0046134,0.012815,0
-0.0046062,0.012811,0
-0.004599,0.012807,0
-0.0045919,0.012804,0
-0.0045847,0.0128,0
-0.0045775,0.012797,0
-0.0045703,0.012793,0
-0.0045632,0.01279,0
-0.004556,0.012786,0
-0.0045488,0.012783,0
-0.0045416,0.012779,0
-0.0045344,0.012776,0
-0.0045272,0.012772,0
-0.00452,0.012769,0
-0.0045128,0.012765,0
-0.0045056,0.012762,0
-0.0044984,0.012758,0
-0.0044912,0.012755,0
-0.004484,0.012751,0
-0.0044768,0.012748,0
-0.0044696,0.012744,0
-0.0044624,0.012741,0
-0.0044552,0.012737,0
-0.004448,0.012734,0
-0.0044407,0.01273,0
-0.0044335,0.012727,0
-0.0044263,0.012724,0
-0.0044191,0.01272,0
-0.0044118,0.012717,0
-0.0044046,0.012713,0
-0.0043974,0.01271,0
-0.0043901,0.012706,0
-0.0043829,0.012703,0
-0.0043756,0.0127,0
-0.0043684,0.012696,0
-0.0043611,0.012693,0
-0.0043539,0.01269,0
-0.0043466,0.012686,0
-0.0043394,0.012683,0
-0.0043321,0.012679,0
-0.0043249,0.012676,0
-0.0043176,0.012673,0
-0.0043103,0.012669,0
-0.0043031,0.012666,0
-0.0042958,0.012663,0
-0.0042885,0.012659,0
-0.0042813,0.012656,0
-0.004274,0.012653,0
-0.0042667,0.01265,0
-0.0042594,0.012646,0
-0.0042521,0.012643,0
-0.0042449,0.01264,0
-0.0042376,0.012636,0
-0.0042303,0.012633,0
-0.004223,0.01263,0
-0.0042157,0.012627,0
-0.0042084,0.012623,0
-0.0042011,0.01262,0
-0.0041938,0.012617,0
-0.0041865,0.012614,0
-0.0041792,0.01261,0
-0.0041719,0.012607,0
-0.0041646,0.012604,0
-0.0041573,0.012601,0
-0.0041499,0.012597,0
-0.0041426,0.012594,0
-0.0041353,0.012591,0
-0.004128,0.012588,0
-0.0041207,0.012585,0
-0.0041133,0.012581,0
-0.004106,0.012578,0
-0.0040987,0.012575,0
-0.0040913,0.012572,0
-0.004084,0.012569,0
-0.0040767,0.012566,0
-0.0040693,0.012562,0
-0.004062,0.012559,0
-0.0040546,0.012556,0
-0.0040473,0.012553,0
-0.0040399,0.01255,0
-0.0040326,0.012547,0
-0.0040252,0.012544,0
-0.0040179,0.012541,0
-0.0040105,0.012537,0
-0.0040032,0.012534,0
-0.0039958,0.012531,0
-0.0039884,0.012528,0
-0.0039811,0.012525,0
-0.0039737,0.012522,0
-0.0039663,0.012519,0
-0.003959,0.012516,0
-0.0039516,0.012513,0
-0.0039442,0.01251,0
-0.0039368,0.012507,0
-0.0039295,0.012504,0
-0.0039221,0.012501,0
-0.0039147,0.012498,0
-0.0039073,0.012495,0
-0.0038999,0.012492,0
-0.0038925,0.012489,0
-0.0038851,0.012486,0
-0.0038777,0.012483,0
-0.0038703,0.01248,0
-0.0038629,0.012477,0
-0.0038555,0.012474,0
-0.0038481,0.012471,0
-0.0038407,0.012468,0
-0.0038333,0.012465,0
-0.0038259,0.012462,0
-0.0038185,0.012459,0
-0.0038111,0.012456,0
-0.0038037,0.012453,0
-0.0037962,0.01245,0
-0.0037888,0.012447,0
-0.0037814,0.012444,0
-0.003774,0.012441,0
-0.0037665,0.012438,0
-0.0037591,0.012435,0
-0.0037517,0.012433,0
-0.0037443,0.01243,0
-0.0037368,0.012427,0
-0.0037294,0.012424,0
-0.0037219,0.012421,0
-0.0037145,0.012418,0
-0.0037071,0.012415,0
-0.0036996,0.012412,0
-0.0036922,0.01241,0
-0.0036847,0.012407,0
-0.0036773,0.012404,0
-0.0036698,0.012401,0
-0.0036624,0.012398,0
-0.0036549,0.012395,0
-0.0036475,0.012393,0
-0.00364,0.01239,0
-0.0036325,0.012387,0
-0.0036251,0.012384,0
-0.0036176,0.012381,0
-0.0036101,0.012379,0
-0.0036027,0.012376,0
-0.0035952,0.012373,0
-0.0035877,0.01237,0
-0.0035802,0.012367,0
-0.0035728,0.012365,0
-0.0035653,0.012362,0
-0.0035578,0.012359,0
-0.0035503,0.012356,0
-0.0035428,0.012354,0
-0.0035353,0.012351,0
-0.0035279,0.012348,0
-0.0035204,0.012346,0
-0.0035129,0.012343,0
-0.0035054,0.01234,0
-0.0034979,0.012337,0
-0.0034904,0.012335,0
-0.0034829,0.012332,0
-0.0034754,0.012329,0
-0.0034679,0.012327,0
-0.0034604,0.012324,0
-0.0034529,0.012321,0
-0.0034454,0.012319,0
-0.0034378,0.012316,0
-0.0034303,0.012313,0
-0.0034228,0.012311,0
-0.0034153,0.012308,0
-0.0034078,0.012305,0
-0.0034003,0.012303,0
-0.0033927,0.0123,0
-0.0033852,0.012298,0
-0.0033777,0.012295,0
-0.0033702,0.012292,0
-0.0033626,0.01229,0
-0.0033551,0.012287,0
-0.0033476,0.012285,0
-0.00334,0.012282,0
-0.0033325,0.01228,0
-0.003325,0.012277,0
-0.0033174,0.012274,0
-0.0033099,0.012272,0
-0.0033023,0.012269,0
-0.0032948,0.012267,0
-0.0032872,0.012264,0
-0.0032797,0.012262,0
-0.0032721,0.012259,0
-0.0032646,0.012257,0
-0.003257,0.012254,0
-0.0032495,0.012252,0
-0.0032419,0.012249,0
-0.0032344,0.012247,0
-0.0032268,0.012244,0
-0.0032192,0.012242,0
-0.0032117,0.012239,0
-0.0032041,0.012237,0
-0.0031965,0.012234,0
-0.003189,0.012232,0
-0.0031814,0.012229,0
-0.0031738,0.012227,0
-0.0031663,0.012224,0
-0.0031587,0.012222,0
-0.0031511,0.01222,0
-0.0031435,0.012217,0
-0.003136,0.012215,0
-0.0031284,0.012212,0
-0.0031208,0.01221,0
-0.0031132,0.012208,0
-0.0031056,0.012205,0
-0.003098,0.012203,0
-0.0030904,0.0122,0
-0.0030828,0.012198,0
-0.0030753,0.012196,0
-0.0030677,0.012193,0
-0.0030601,0.012191,0
-0.0030525,0.012189,0
-0.0030449,0.012186,0
-0.0030373,0.012184,0
-0.0030297,0.012182,0
-0.0030221,0.012179,0
-0.0030144,0.012177,0
-0.0030068,0.012175,0
-0.0029992,0.012172,0
-0.0029916,0.01217,0
-0.002984,0.012168,0
-0.0029764,0.012165,0
-0.0029688,0.012163,0
-0.0029612,0.012161,0
-0.0029535,0.012159,0
-0.0029459,0.012156,0
-0.0029383,0.012154,0
-0.0029307,0.012152,0
-0.0029231,0.01215,0
-0.0029154,0.012147,0
-0.0029078,0.012145,0
-0.0029002,0.012143,0
-0.0028925,0.012141,0
-0.0028849,0.012138,0
-0.0028773,0.012136,0
-0.0028696,0.012134,0
-0.002862,0.012132,0
-0.0028544,0.01213,0
-0.0028467,0.012127,0
-0.0028391,0.012125,0
-0.0028315,0.012123,0
-0.0028238,0.012121,0
-0.0028162,0.012119,0
-0.0028085,0.012117,0
-0.0028009,0.012114,0
-0.0027932,0.012112,0
-0.0027856,0.01211,0
-0.0027779,0.012108,0
-0.0027703,0.012106,0
-0.0027626,0.012104,0
-0.002755,0.012102,0
-0.0027473,0.0121,0
-0.0027396,0.012097,0
-0.002732,0.012095,0
-0.0027243,0.012093,0
-0.0027167,0.012091,0
-0.002709,0.012089,0
-0.0027013,0.012087,0
-0.0026937,0.012085,0
-0.002686,0.012083,0
-0.0026783,0.012081,0
-0.0026706,0.012079,0
-0.002663,0.012077,0
-0.0026553,0.012075,0
-0.0026476,0.012073,0
-0.0026399,0.012071,0
-0.0026323,0.012069,0
-0.0026246,0.012067,0
-0.0026169,0.012065,0
-0.0026092,0.012063,0
-0.0026015,0.012061,0
-0.0025939,0.012059,0
-0.0025862,0.012057,0
-0.0025785,0.012055,0
-0.0025708,0.012053,0
-0.0025631,0.012051,0
-0.0025554,0.012049,0
-0.0025477,0.012047,0
-0.00254,0.012045,0
-0.0025323,0.012043,0
-0.0025246,0.012041,0
-0.0025169,0.012039,0
-0.0025092,0.012037,0
-0.0025015,0.012035,0
-0.0024938,0.012033,0
-0.0024861,0.012031,0
-0.0024784,0.012029,0
-0.0024707,0.012028,0
-0.002463,0.012026,0
-0.0024553,0.012024,0
-0.0024476,0.012022,0
-0.0024399,0.01202,0
-0.0024322,0.012018,0
-0.0024245,0.012016,0
-0.0024168,0.012015,0
-0.0024091,0.012013,0
-0.0024013,0.012011,0
-0.0023936,0.012009,0
-0.0023859,0.012007,0
-0.0023782,0.012005,0
-0.0023705,0.012004,0
-0.0023627,0.012002,0
-0.002355,0.012,0
-0.0023473,0.011998,0
-0.0023396,0.011996,0
-0.0023318,0.011995,0
-0.0023241,0.011993,0
-0.0023164,0.011991,0
-0.0023087,0.011989,0
-0.0023009,0.011987,0
-0.0022932,0.011986,0
-0.0022855,0.011984,0
-0.0022777,0.011982,0
-0.00227,0.011981,0
-0.0022623,0.011979,0
-0.0022545,0.011977,0
-0.0022468,0.011975,0
-0.002239,0.011974,0
-0.0022313,0.011972,0
-0.0022236,0.01197,0
-0.0022158,0.011969,0
-0.0022081,0.011967,0
-0.0022003,0.011965,0
-0.0021926,0.011963,0
-0.0021848,0.011962,0
-0.0021771,0.01196,0
-0.0021693,0.011959,0
-0.0021616,0.011957,0
-0.0021538,0.011955,0
-0.0021461,0.011954,0
-0.0021383,0.011952,0
-0.0021306,0.01195,0
-0.0021228,0.011949,0
-0.0021151,0.011947,0
-0.0021073,0.011945,0
-0.0020996,0.011944,0
-0.0020918,0.011942,0
-0.002084,0.011941,0
-0.0020763,0.011939,0
-0.0020685,0.011938,0
-0.0020608,0.011936,0
-0.002053,0.011934,0
-0.0020452,0.011933,0
-0.0020375,0.011931,0
-0.0020297,0.01193,0
-0.0020219,0.011928,0
-0.0020142,0.011927,0
-0.0020064,0.011925,0
-0.0019986,0.011924,0
-0.0019908,0.011922,0
-0.0019831,0.011921,0
-0.0019753,0.011919,0
-0.0019675,0.011918,0
-0.0019598,0.011916,0
-0.001952,0.011915,0
-0.0019442,0.011913,0
-0.0019364,0.011912,0
-0.0019286,0.01191,0
-0.0019209,0.011909,0
-0.0019131,0.011907,0
-0.0019053,0.011906,0
-0.0018975,0.011904,0
-0.0018897,0.011903,0
-0.001882,0.011902,0
-0.0018742,0.0119,0
-0.0018664,0.011899,0
-0.0018586,0.011897,0
-0.0018508,0.011896,0
-0.001843,0.011894,0
-0.0018352,0.011893,0
-0.0018274,0.011892,0
-0.0018196,0.01189,0
-0.0018119,0.011889,0
-0.0018041,0.011888,0
-0.0017963,0.011886,0
-0.0017885,0.011885,0
-0.0017807,0.011884,0
-0.0017729,0.011882,0
-0.0017651,0.011881,0
-0.0017573,0.011879,0
-0.0017495,0.011878,0
-0.0017417,0.011877,0
-0.0017339,0.011876,0
-0.0017261,0.011874,0
-0.0017183,0.011873,0
-0.0017105,0.011872,0
-0.0017027,0.01187,0
-0.0016949,0.011869,0
-0.0016871,0.011868,0
-0.0016793,0.011867,0
-0.0016715,0.011865,0
-0.0016637,0.011864,0
-0.0016559,0.011863,0
-0.0016481,0.011861,0
-0.0016402,0.01186,0
-0.0016324,0.011859,0
-0.0016246,0.011858,0
-0.0016168,0.011857,0
-0.001609,0.011855,0
-0.0016012,0.011854,0
-0.0015934,0.011853,0
-0.0015856,0.011852,0
-0.0015778,0.011851,0
-0.0015699,0.011849,0
-0.0015621,0.011848,0
-0.0015543,0.011847,0
-0.0015465,0.011846,0
-0.0015387,0.011845,0
-0.0015309,0.011844,0
-0.001523,0.011842,0
-0.0015152,0.011841,0
-0.0015074,0.01184,0
-0.0014996,0.011839,0
-0.0014918,0.011838,0
-0.0014839,0.011837,0
-0.0014761,0.011836,0
-0.0014683,0.011835,0
-0.0014605,0.011833,0
-0.0014527,0.011832,0
-0.0014448,0.011831,0
-0.001437,0.01183,0
-0.0014292,0.011829,0
-0.0014213,0.011828,0
-0.0014135,0.011827,0
-0.0014057,0.011826,0
-0.0013979,0.011825,0
-0.00139,0.011824,0
-0.0013822,0.011823,0
-0.0013744,0.011822,0
-0.0013666,0.011821,0
-0.0013587,0.01182,0
-0.0013509,0.011819,0
-0.0013431,0.011818,0
-0.0013352,0.011817,0
-0.0013274,0.011816,0
-0.0013196,0.011815,0
-0.0013117,0.011814,0
-0.0013039,0.011813,0
-0.0012961,0.011812,0
-0.0012882,0.011811,0
-0.0012804,0.01181,0
-0.0012725,0.011809,0
-0.0012647,0.011808,0
-0.0012569,0.011807,0
-0.001249,0.011806,0
-0.0012412,0.011805,0
-0.0012334,0.011804,0
-0.0012255,0.011803,0
-0.0012177,0.011802,0
-0.0012098,0.011802,0
-0.001202,0.011801,0
-0.0011942,0.0118,0
-0.0011863,0.011799,0
-0.0011785,0.011798,0
-0.0011706,0.011797,0
-0.0011628,0.011796,0
-0.0011549,0.011795,0
-0.0011471,0.011795,0
-0.0011393,0.011794,0
-0.0011314,0.011793,0
-0.0011236,0.011792,0
-0.0011157,0.011791,0
-0.0011079,0.01179,0
-0.0011,0.01179,0
-0.0010922,0.011789,0
-0.0010843,0.011788,0
-0.0010765,0.011787,0
-0.0010687,0.011786,0
-0.0010608,0.011786,0
-0.001053,0.011785,0
-0.0010451,0.011784,0
-0.0010373,0.011783,0
-0.0010294,0.011783,0
-0.0010216,0.011782,0
-0.0010137,0.011781,0
-0.0010059,0.01178,0
-0.00099801,0.01178,0
-0.00099016,0.011779,0
-0.00098231,0.011778,0
-0.00097446,0.011777,0
-0.00096661,0.011777,0
-0.00095876,0.011776,0
-0.0009509,0.011775,0
-0.00094305,0.011775,0
-0.0009352,0.011774,0
-0.00092735,0.011773,0
-0.00091949,0.011773,0
-0.00091164,0.011772,0
-0.00090379,0.011771,0
-0.00089593,0.011771,0
-0.00088808,0.01177,0
-0.00088022,0.011769,0
-0.00087237,0.011769,0
-0.00086451,0.011768,0
-0.00085666,0.011767,0
-0.0008488,0.011767,0
-0.00084095,0.011766,0
-0.00083309,0.011766,0
-0.00082524,0.011765,0
-0.00081738,0.011764,0
-0.00080952,0.011764,0
-0.00080167,0.011763,0
-0.00079381,0.011763,0
-0.00078595,0.011762,0
-0.0007781,0.011761,0
-0.00077024,0.011761,0
-0.00076238,0.01176,0
-0.00075453,0.01176,0
-0.00074667,0.011759,0
-0.00073881,0.011759,0
-0.00073095,0.011758,0
-0.00072309,0.011758,0
-0.00071524,0.011757,0
-0.00070738,0.011757,0
-0.00069952,0.011756,0
-0.00069166,0.011756,0
-0.0006838,0.011755,0
-0.00067594,0.011755,0
-0.00066808,0.011754,0
-0.00066022,0.011754,0
-0.00065236,0.011753,0
-0.0006445,0.011753,0
-0.00063665,0.011752,0
-0.00062879,0.011752,0
-0.00062093,0.011752,0
-0.00061307,0.011751,0
-0.00060521,0.011751,0
-0.00059735,0.01175,0
-0.00058949,0.01175,0
-0.00058163,0.011749,0
-0.00057377,0.011749,0
-0.00056591,0.011749,0
-0.00055805,0.011748,0
-0.00055019,0.011748,0
-0.00054233,0.011747,0
-0.00053447,0.011747,0
-0.00052661,0.011747,0
-0.00051875,0.011746,0
-0.00051089,0.011746,0
-0.00050303,0.011746,0
0.00049516,0.011745,0
0.00049616,0.011745,0
0.00049716,0.011745,0
0.00049816,0.011745,0
0.00049916,0.011745,0
0.00050016,0.011745,0
0.00050116,0.011745,0
0.00050216,0.011745,0
0.00050316,0.011745,0
0.00050416,0.011745,0
0.00050516,0.011745,0
0.00050616,0.011745,0
0.00050716,0.011745,0
0.00050816,0.011745,0
0.00050916,0.011745,0
0.00051016,0.011745,0
0.00051116,0.011745,0
0.00051216,0.011745,0
0.00051316,0.011745,0
0.00051416,0.011745,0
0.00051516,0.011745,0
0.00051616,0.011745,0
0.00051715,0.011745,0
0.00051815,0.011745,0
0.00051915,0.011745,0
0.00052015,0.011745,0
0.00052115,0.011745,0
0.00052215,0.011745,0
0.00052315,0.011746,0
0.00052415,0.011746,0
0.00052515,0.011746,0
0.00052615,0.011746,0
0.00052715,0.011746,0
0.00052815,0.011746,0
0.00052915,0.011746,0
0.00053015,0.011746,0
0.00053115,0.011746,0
0.00053215,0.011746,0
0.00053315,0.011746,0
0.00053415,0.011746,0
0.00053515,0.011746,0
0.00053615,0.011746,0
0.00053714,0.011746,0
0.00053814,0.011746,0
0.00053914,0.011746,0
0.00054014,0.011746,0
0.00054114,0.011746,0
0.00054214,0.011746,0
0.00054314,0.011746,0
0.00054414,0.011746,0
0.00054514,0.011746,0
0.00054614,0.011746,0
0.00054714,0.011746,0
0.00054814,0.011746,0
0.00054914,0.011746,0
0.00055014,0.011746,0
0.00055114,0.011746,0
0.00055214,0.011746,0
0.00055313,0.011746,0
0.00055413,0.011746,0
0.00055513,0.011746,0
0.00055613,0.011746,0
0.00055713,0.011746,0
0.00055813,0.011746,0
0.00055913,0.011746,0
0.00056013,0.011746,0
0.00056113,0.011746,0
0.00056213,0.011746,0
0.00056313,0.011746,0
0.00056413,0.011746,0
0.00056513,0.011746,0
0.00056612,0.011746,0
0.00056712,0.011746,0
0.00056812,0.011746,0
0.00056912,0.011746,0
0.00057012,0.011746,0
0.00057112,0.011746,0
0.00057212,0.011747,0
0.00057312,0.011747,0
0.00057412,0.011747,0
0.00057512,0.011747,0
0.00057612,0.011747,0
0.00057711,0.011747,0
0.00057811,0.011747,0
0.00057911,0.011747,0
0.00058011,0.011747,0
0.00058111,0.011747,0
0.00058211,0.011747,0
0.00058311,0.011747,0
0.00058411,0.011747,0
0.00058511,0.011747,0
0.00058611,0.011747,0
0.0005871,0.011747,0
0.0005881,0.011747,0
0.0005891,0.011747,0
0.0005901,0.011747,0
0.0005911,0.011747,0
0.0005921,0.011747,0
0.0005931,0.011747,0
0.0005941,0.011747,0
0.0005951,0.011747,0
0.00059609,0.011747,0
0.00059709,0.011747,0
0.00059809,0.011747,0
0.00059909,0.011747,0
0.00060009,0.011748,0
0.00060109,0.011748,0
0.00060209,0.011748,0
0.00060309,0.011748,0
0.00060408,0.011748,0
0.00060508,0.011748,0
0.00060608,0.011748,0
0.00060708,0.011748,0
0.00060808,0.011748,0
0.00060908,0.011748,0
0.00061008,0.011748,0
0.00061107,0.011748,0
0.00061207,0.011748,0
0.00061307,0.011748,0
0.00061407,0.011748,0
0.00061507,0.011748,0
0.00061607,0.011748,0
0.00061706,0.011748,0
0.00061806,0.011748,0
0.00061906,0.011748,0
0.00062006,0.011748,0
0.00062106,0.011748,0
0.00062206,0.011749,0
0.00062306,0.011749,0
0.00062405,0.011749,0
0.00062505,0.011749,0
0.00062605,0.011749,0
0.00062705,0.011749,0
0.00062805,0.011749,0
0.00062904,0.011749,0
0.00063004,0.011749,0
0.00063104,0.011749,0
0.00063204,0.011749,0
0.00063304,0.011749,0
0.00063404,0.011749,0
0.00063503,0.011749,0
0.00063603,0.011749,0
0.00063703,0.011749,0
0.00063803,0.011749,0
0.00063903,0.011749,0
0.00064002,0.011749,0
0.00064102,0.01175,0
0.00064202,0.01175,0
0.00064302,0.01175,0
0.00064401,0.01175,0
0.00064501,0.01175,0
0.00064601,0.01175,0
0.00064701,0.01175,0
0.00064801,0.01175,0
0.000649,0.01175,0
0.00065,0.01175,0
0.000651,0.01175,0
0.000652,0.01175,0
0.00065299,0.01175,0
0.00065399,0.01175,0
0.00065499,0.01175,0
0.00065599,0.01175,0
0.00065699,0.01175,0
0.00065798,0.011751,0
0.00065898,0.011751,0
0.00065998,0.011751,0
0.00066097,0.011751,0
0.00066197,0.011751,0
0.00066297,0.011751,0
0.00066397,0.011751,0
0.00066496,0.011751,0
0.00066596,0.011751,0
0.00066696,0.011751,0
0.00066796,0.011751,0
0.00066895,0.011751,0
0.00066995,0.011751,0
0.00067095,0.011751,0
0.00067195,0.011751,0
0.00067294,0.011752,0
0.00067394,0.011752,0
0.00067494,0.011752,0
0.00067593,0.011752,0
0.00067693,0.011752,0
0.00067793,0.011752,0
0.00067892,0.011752,0
0.00067992,0.011752,0
0.00068092,0.011752,0
0.00068192,0.011752,0
0.00068291,0.011752,0
0.00068391,0.011752,0
0.00068491,0.011752,0
0.0006859,0.011753,0
0.0006869,0.011753,0
0.0006879,0.011753,0
0.00068889,0.011753,0
0.00068989,0.011753,0
0.00069089,0.011753,0
0.00069188,0.011753,0
0.00069288,0.011753,0
0.00069388,0.011753,0
0.00069487,0.011753,0
0.00069587,0.011753,0
0.00069687,0.011753,0
0.00069786,0.011753,0
0.00069886,0.011754,0
0.00069985,0.011754,0
0.00070085,0.011754,0
0.00070185,0.011754,0
0.00070284,0.011754,0
0.00070384,0.011754,0
0.00070484,0.011754,0
0.00070583,0.011754,0
0.00070683,0.011754,0
0.00070782,0.011754,0
0.00070882,0.011754,0
0.00070982,0.011754,0
0.00071081,0.011754,0
0.00071181,0.011755,0
0.0007128,0.011755,0
0.0007138,0.011755,0
0.0007148,0.011755,0
0.00071579,0.011755,0
0.00071679,0.011755,0
0.00071778,0.011755,0
0.00071878,0.011755,0
0.00071977,0.011755,0
0.00072077,0.011755,0
0.00072177,0.011755,0
0.00072276,0.011756,0
0.00072376,0.011756,0
0.00072475,0.011756,0
0.00072575,0.011756,0
0.00072674,0.011756,0
0.00072774,0.011756,0
0.00072873,0.011756,0
0.00072973,0.011756,0
0.00073072,0.011756,0
0.00073172,0.011756,0
0.00073271,0.011756,0
0.00073371,0.011757,0
0.00073471,0.011757,0
0.0007357,0.011757,0
0.0007367,0.011757,0
0.00073769,0.011757,0
0.00073869,0.011757,0
0.00073968,0.011757,0
0.00074068,0.011757,0
0.00074167,0.011757,0
0.00074267,0.011757,0
0.00074366,0.011758,0
0.00074465,0.011758,0
0.00074565,0.011758,0
0.00074664,0.011758,0
0.00074764,0.011758,0
0.00074863,0.011758,0
0.00074963,0.011758,0
0.00075062,0.011758,0
0.00075162,0.011758,0
0.00075261,0.011758,0
0.00075361,0.011758,0
0.0007546,0.011759,0
0.00075559,0.011759,0
0.00075659,0.011759,0
0.00075758,0.011759,0
0.00075858,0.011759,0
0.00075957,0.011759,0
0.00076057,0.011759,0
0.00076156,0.011759,0
0.00076255,0.011759,0
0.00076355,0.01176,0
0.00076454,0.01176,0
0.00076554,0.01176,0
0.00076653,0.01176,0
0.00076752,0.01176,0
0.00076852,0.01176,0
0.00076951,0.01176,0
0.0007705,0.01176,0
0.0007715,0.01176,0
0.00077249,0.01176,0
0.00077349,0.011761,0
0.00077448,0.011761,0
0.00077547,0.011761,0
0.00077647,0.011761,0
0.00077746,0.011761,0
0.00077845,0.011761,0
0.00077945,0.011761,0
0.00078044,0.011761,0
0.00078143,0.011761,0
0.00078243,0.011762,0
0.00078342,0.011762,0
0.00078441,0.011762,0
0.00078541,0.011762,0
0.0007864,0.011762,0
0.00078739,0.011762,0
0.00078838,0.011762,0
0.00078938,0.011762,0
0.00079037,0.011763,0
0.00079136,0.011763,0
0.00079236,0.011763,0
0.00079335,0.011763,0
0.00079434,0.011763,0
0.00079533,0.011763,0
0.00079633,0.011763,0
0.00079732,0.011763,0
0.00079831,0.011763,0
0.0007993,0.011764,0
0.0008003,0.011764,0
0.00080129,0.011764,0
0.00080228,0.011764,0
0.00080327,0.011764,0
0.00080427,0.011764,0
0.00080526,0.011764,0
0.00080625,0.011764,0
0.00080724,0.011765,0
0.00080823,0.011765,0
0.00080923,0.011765,0
0.00081022,0.011765,0
0.00081121,0.011765,0
0.0008122,0.011765,0
0.00081319,0.011765,0
0.00081418,0.011765,0
0.00081518,0.011766,0
0.00081617,0.011766,0
0.00081716,0.011766,0
0.00081815,0.011766,0
0.00081914,0.011766,0
0.00082013,0.011766,0
0.00082113,0.011766,0
0.00082212,0.011766,0
0.00082311,0.011767,0
0.0008241,0.011767,0
0.00082509,0.011767,0
0.00082608,0.011767,0
0.00082707,0.011767,0
0.00082806,0.011767,0
0.00082905,0.011767,0
0.00083005,0.011767,0
0.00083104,0.011768,0
0.00083203,0.011768,0
0.00083302,0.011768,0
0.00083401,0.011768,0
0.000835,0.011768,0
0.00083599,0.011768,0
0.00083698,0.011768,0
0.00083797,0.011769,0
0.00083896,0.011769,0
0.00083995,0.011769,0
0.00084094,0.011769,0
0.00084193,0.011769,0
0.00084292,0.011769,0
0.00084391,0.011769,0
0.0008449,0.011769,0
0.00084589,0.01177,0
0.00084688,0.01177,0
0.00084787,0.01177,0
0.00084886,0.01177,0
0.00084985,0.01177,0
0.00085084,0.01177,0
0.00085183,0.01177,0
0.00085282,0.011771,0
0.00085381,0.011771,0
0.0008548,0.011771,0
0.00085579,0.011771,0
0.00085678,0.011771,0
0.00085777,0.011771,0
0.00085876,0.011771,0
0.00085975,0.011772,0
0.00086074,0.011772,0
0.00086173,0.011772,0
0.00086272,0.011772,0
0.0008637,0.011772,0
0.00086469,0.011772,0
0.00086568,0.011772,0
0.00086667,0.011773,0
0.00086766,0.011773,0
0.00086865,0.011773,0
0.00086964,0.011773,0
0.00087063,0.011773,0
0.00087161,0.011773,0
0.0008726,0.011773,0
0.00087359,0.011774,0
0.00087458,0.011774,0
0.00087557,0.011774,0
0.00087656,0.011774,0
0.00087755,0.011774,0
0.00087853,0.011774,0
0.00087952,0.011775,0
0.00088051,0.011775,0
0.0008815,0.011775,0
0.00088249,0.011775,0
0.00088347,0.011775,0
0.00088446,0.011775,0
0.00088545,0.011775,0
0.00088644,0.011776,0
0.00088742,0.011776,0
0.00088841,0.011776,0
0.0008894,0.011776,0
0.00089039,0.011776,0
0.00089137,0.011776,0
0.00089236,0.011777,0
0.00089335,0.011777,0
0.00089434,0.011777,0
0.00089532,0.011777,0
0.00089631,0.011777,0
0.0008973,0.011777,0
0.00089828,0.011777,0
0.00089927,0.011778,0
0.00090026,0.011778,0
0.00090125,0.011778,0
0.00090223,0.011778,0
0.00090322,0.011778,0
0.00090421,0.011778,0
0.00090519,0.011779,0
0.00090618,0.011779,0
0.00090716,0.011779,0
0.00090815,0.011779,0
0.00090914,0.011779,0
0.00091012,0.011779,0
0.00091111,0.01178,0
0.0009121,0.01178,0
0.00091308,0.01178,0
0.00091407,0.01178,0
0.00091505,0.01178,0
0.00091604,0.01178,0
0.00091703,0.011781,0
0.00091801,0.011781,0
0.000919,0.011781,0
0.00091998,0.011781,0
0.00092097,0.011781,0
0.00092195,0.011781,0
0.00092294,0.011782,0
0.00092392,0.011782,0
0.00092491,0.011782,0
0.00092589,0.011782,0
0.00092688,0.011782,0
0.00092786,0.011782,0
0.00092885,0.011783,0
0.00092983,0.011783,0
0.00093082,0.011783,0
0.0009318,0.011783,0
0.00093279,0.011783,0
0.00093377,0.011783,0
0.00093476,0.011784,0
0.00093574,0.011784,0
0.00093673,0.011784,0
0.00093771,0.011784,0
0.0009387,0.011784,0
0.00093968,0.011784,0
0.00094066,0.011785,0
0.00094165,0.011785,0
0.00094263,0.011785,0
0.00094362,0.011785,0
0.0009446,0.011785,0
0.00094558,0.011786,0
0.00094657,0.011786,0
0.00094755,0.011786,0
0.00094854,0.011786,0
0.00094952,0.011786,0
0.0009505,0.011786,0
0.00095149,0.011787,0
0.00095247,0.011787,0
0.00095345,0.011787,0
0.00095444,0.011787,0
0.00095542,0.011787,0
0.0009564,0.011787,0
0.00095738,0.011788,0
0.00095837,0.011788,0
0.00095935,0.011788,0
0.00096033,0.011788,0
0.00096132,0.011788,0
0.0009623,0.011789,0
0.00096328,0.011789,0
0.00096426,0.011789,0
0.00096525,0.011789,0
0.00096623,0.011789,0
0.00096721,0.011789,0
0.00096819,0.01179,0
0.00096918,0.01179,0
0.00097016,0.01179,0
0.00097114,0.01179,0
0.00097212,0.01179,0
0.0009731,0.011791,0
0.00097408,0.011791,0
0.00097507,0.011791,0
0.00097605,0.011791,0
0.00097703,0.011791,0
0.00097801,0.011792,0
0.00097899,0.011792,0
0.00097997,0.011792,0
0.00098095,0.011792,0
0.00098194,0.011792,0
0.00098292,0.011793,0
0.0009839,0.011793,0
0.00098488,0.011793,0
0.00098586,0.011793,0
0.00098684,0.011793,0
0.00098782,0.011793,0
0.0009888,0.011794,0
0.00098978,0.011794,0
0.00099076,0.011794,0
0.00099174,0.011794,0
0.00099272,0.011794,0
0.0009937,0.011795,0
0.00099468,0.011795,0
0.00099566,0.011795,0
0.00099664,0.011795,0
0.00099762,0.011795,0
0.0009986,0.011796,0
0.00099958,0.011796,0
0.0010006,0.011796,0
0.0010015,0.011796,0
0.0010025,0.011796,0
0.0010035,0.011797,0
0.0010045,0.011797,0
0.0010055,0.011797,0
0.0010064,0.011797,0
0.0010074,0.011797,0
0.0010084,0.011798,0
0.0010094,0.011798,0
0.0010104,0.011798,0
0.0010113,0.011798,0
0.0010123,0.011798,0
0.0010133,0.011799,0
0.0010143,0.011799,0
0.0010152,0.011799,0
0.0010162,0.011799,0
0.0010172,0.011799,0
0.0010182,0.0118,0
0.0010192,0.0118,0
0.0010201,0.0118,0
0.0010211,0.0118,0
0.0010221,0.0118,0
0.0010231,0.011801,0
0.0010241,0.011801,0
0.001025,0.011801,0
0.001026,0.011801,0
0.001027,0.011802,0
0.001028,0.011802,0
0.0010289,0.011802,0
0.0010299,0.011802,0
0.0010309,0.011802,0
0.0010319,0.011803,0
0.0010328,0.011803,0
0.0010338,0.011803,0
0.0010348,0.011803,0
0.0010358,0.011803,0
0.0010368,0.011804,0
0.0010377,0.011804,0
0.0010387,0.011804,0
0.0010397,0.011804,0
0.0010407,0.011804,0
0.0010416,0.011805,0
0.0010426,0.011805,0
0.0010436,0.011805,0
0.0010446,0.011805,0
0.0010455,0.011806,0
0.0010465,0.011806,0
0.0010475,0.011806,0
0.0010485,0.011806,0
0.0010494,0.011806,0
0.0010504,0.011807,0
0.0010514,0.011807,0
0.0010524,0.011807,0
0.0010533,0.011807,0
0.0010543,0.011808,0
0.0010553,0.011808,0
0.0010563,0.011808,0
0.0010572,0.011808,0
0.0010582,0.011808,0
0.0010592,0.011809,0
0.0010602,0.011809,0
0.0010611,0.011809,0
0.0010621,0.011809,0
0.0010631,0.011809,0
0.0010641,0.01181,0
0.001065,0.01181,0
0.001066,0.01181,0
0.001067,0.01181,0
0.001068,0.011811,0
0.0010689,0.011811,0
0.0010699,0.011811,0
0.0010709,0.011811,0
0.0010719,0.011812,0
0.0010728,0.011812,0
0.0010738,0.011812,0
0.0010748,0.011812,0
0.0010758,0.011812,0
0.0010767,0.011813,0
0.0010777,0.011813,0
0.0010787,0.011813,0
0.0010796,0.011813,0
0.0010806,0.011814,0
0.0010816,0.011814,0
0.0010826,0.011814,0
0.0010835,0.011814,0
0.0010845,0.011814,0
0.0010855,0.011815,0
0.0010865,0.011815,0
0.0010874,0.011815,0
0.0010884,0.011815,0
0.0010894,0.011816,0
0.0010903,0.011816,0
0.0010913,0.011816,0
0.0010923,0.011816,0
0.0010933,0.011817,0
0.0010942,0.011817,0
0.0010952,0.011817,0
0.0010962,0.011817,0
0.0010971,0.011818,0
0.0010981,0.011818,0
0.0010991,0.011818,0
0.0011001,0.011818,0
0.001101,0.011818,0
0.001102,0.011819,0
0.001103,0.011819,0
0.0011039,0.011819,0
0.0011049,0.011819,0
0.0011059,0.01182,0
0.0011069,0.01182,0
0.0011078,0.01182,0
0.0011088,0.01182,0
0.0011098,0.011821,0
0.0011107,0.011821,0
0.0011117,0.011821,0
0.0011127,0.011821,0
0.0011136,0.011822,0
0.0011146,0.011822,0
0.0011156,0.011822,0
0.0011166,0.011822,0
0.0011175,0.011823,0
0.0011185,0.011823,0
0.0011195,0.011823,0
0.0011204,0.011823,0
0.0011214,0.011824,0
0.0011224,0.011824,0
0.0011233,0.011824,0
0.0011243,0.011824,0
0.0011253,0.011825,0
0.0011262,0.011825,0
0.0011272,0.011825,0
0.0011282,0.011825,0
0.0011291,0.011826,0
0.0011301,0.011826,0
0.0011311,0.011826,0
0.001132,0.011826,0
0.001133,0.011827,0
0.001134,0.011827,0
0.001135,0.011827,0
0.0011359,0.011827,0
0.0011369,0.011828,0
0.0011379,0.011828,0
0.0011388,0.011828,0
0.0011398,0.011828,0
0.0011408,0.011829,0
0.0011417,0.011829,0
0.0011427,0.011829,0
0.0011437,0.011829,0
0.0011446,0.01183,0
0.0011456,0.01183,0
0.0011466,0.01183,0
0.0011475,0.01183,0
0.0011485,0.011831,0
0.0011495,0.011831,0
0.0011504,0.011831,0
0.0011514,0.011831,0
0.0011523,0.011832,0
0.0011533,0.011832,0
0.0011543,0.011832,0
0.0011552,0.011832,0
0.0011562,0.011833,0
0.0011572,0.011833,0
0.0011581,0.011833,0
0.0011591,0.011833,0
0.0011601,0.011834,0
0.001161,0.011834,0
0.0013757,0.011922,0
0.0015895,0.01201,0
0.0018029,0.012098,0
0.002016,0.012161,0
0.0022286,0.012223,0
0.0024408,0.012285,0
0.0026527,0.012347,0
0.0028641,0.012408,0
0.0030751,0.012469,0
0.0032858,0.012529,0
0.003496,0.012589,0
0.0037058,0.012649,0
0.0039153,0.012708,0
0.0041243,0.012766,0
0.0043329,0.012824,0
0.0045412,0.012882,0
0.004749,0.01294,0
0.0049565,0.012997,0
0.0051635,0.013053,0
0.0053702,0.013109,0
0.0055764,0.013165,0
0.0057822,0.01322,0
0.0059877,0.013275,0
0.0061927,0.013329,0
0.0063974,0.013383,0
0.0066016,0.013437,0
0.0068055,0.01349,0
0.0070089,0.013543,0
0.007212,0.013595,0
0.0074146,0.013647,0
0.0076169,0.013698,0
0.0078188,0.013749,0
0.0080202,0.0138,0
0.0082213,0.01385,0
0.0084219,0.0139,0
0.0086222,0.013949,0
0.0088221,0.013998,0
0.0090215,0.014046,0
0.0092206,0.014094,0
0.0094192,0.014142,0
0.0096175,0.014189,0
0.0098154,0.014236,0
0.010013,0.014282,0
0.01021,0.014328,0
0.010407,0.014373,0
0.010603,0.014419,0
0.010799,0.014463,0
0.010994,0.014507,0
0.011189,0.014551,0
0.011384,0.014595,0
0.011578,0.014637,0
0.011772,0.01468,0
0.011966,0.014722,0
0.012159,0.014764,0
0.012351,0.014805,0
0.012544,0.014846,0
0.012735,0.014886,0
0.012927,0.014926,0
0.013118,0.014966,0
0.013309,0.015005,0
0.013499,0.015043,0
0.013689,0.015082,0
0.013878,0.01512,0
0.014067,0.015157,0
0.014256,0.015194,0
0.014444,0.015231,0
0.014632,0.015267,0
0.01482,0.015302,0
0.015007,0.015338,0
0.015194,0.015373,0
0.01538,0.015407,0
0.015566,0.015441,0
0.015751,0.015475,0
0.015936,0.015508,0
0.016121,0.015541,0
0.016305,0.015573,0
0.016489,0.015605,0
0.016673,0.015636,0
0.016856,0.015667,0
0.017039,0.015698,0
0.017221,0.015728,0
0.017403,0.015758,0
0.017584,0.015787,0
0.017765,0.015816,0
0.017946,0.015845,0
0.018126,0.015873,0
0.018306,0.0159,0
0.018486,0.015928,0
0.018665,0.015954,0
0.018844,0.015981,0
0.019022,0.016007,0
0.0192,0.016032,0
0.019377,0.016057,0
0.019555,0.016082,0
0.019731,0.016106,0
0.019908,0.01613,0
0.020083,0.016154,0
0.020259,0.016177,0
0.020434,0.016199,0
0.020609,0.016221,0
0.020783,0.016243,0
0.020957,0.016264,0
0.021131,0.016285,0
0.021304,0.016306,0
0.021476,0.016326,0
0.021649,0.016345,0
0.021821,0.016364,0
0.021992,0.016383,0
