-0.10626,0.0254,0
-0.10606,0.0254,0
-0.10586,0.0254,0
-0.10566,0.0254,0
-0.10546,0.0254,0
-0.10526,0.0254,0
-0.10506,0.0254,0
-0.10486,0.0254,0
-0.10466,0.0254,0
-0.10446,0.0254,0
-0.10426,0.0254,0
-0.10406,0.0254,0
-0.10386,0.0254,0
-0.10366,0.0254,0
-0.10346,0.0254,0
-0.10326,0.0254,0
-0.10306,0.0254,0
-0.10286,0.0254,0
-0.10266,0.0254,0
-0.10246,0.0254,0
-0.10226,0.0254,0
-0.10206,0.0254,0
-0.10186,0.0254,0
-0.10166,0.0254,0
-0.10146,0.0254,0
-0.10126,0.0254,0
-0.10106,0.0254,0
-0.10086,0.0254,0
-0.10066,0.0254,0
-0.10046,0.0254,0
-0.10026,0.0254,0
-0.10006,0.0254,0
-0.099856,0.0254,0
-0.099656,0.0254,0
-0.099456,0.0254,0
-0.099256,0.0254,0
-0.099056,0.0254,0
-0.098856,0.0254,0
-0.098656,0.0254,0
-0.098456,0.0254,0
-0.098256,0.0254,0
-0.098056,0.0254,0
-0.097856,0.0254,0
-0.097656,0.0254,0
-0.097456,0.0254,0
-0.097256,0.0254,0
-0.097056,0.0254,0
-0.096856,0.0254,0
-0.096656,0.0254,0
-0.096456,0.0254,0
-0.096256,0.0254,0
-0.096056,0.0254,0
-0.095856,0.0254,0
-0.095656,0.0254,0
-0.095456,0.0254,0
-0.095256,0.0254,0
-0.095056,0.0254,0
-0.094856,0.0254,0
-0.094656,0.0254,0
-0.094456,0.0254,0
-0.094256,0.0254,0
-0.094056,0.0254,0
-0.093856,0.0254,0
-0.093656,0.0254,0
-0.093456,0.0254,0
-0.093256,0.0254,0
-0.093056,0.0254,0
-0.092856,0.0254,0
-0.092656,0.0254,0
-0.092456,0.0254,0
-0.092256,0.0254,0
-0.092056,0.0254,0
-0.091856,0.0254,0
-0.091656,0.0254,0
-0.091456,0.0254,0
-0.091256,0.0254,0
-0.091056,0.0254,0
-0.090856,0.0254,0
-0.090656,0.0254,0
-0.090456,0.0254,0
-0.090256,0.0254,0
-0.090056,0.0254,0
-0.089856,0.0254,0
-0.089656,0.0254,0
-0.089456,0.0254,0
-0.089256,0.0254,0
-0.089056,0.0254,0
-0.088856,0.0254,0
-0.088656,0.0254,0
-0.088456,0.0254,0
-0.088256,0.0254,0
-0.088056,0.0254,0
-0.087856,0.0254,0
-0.087656,0.0254,0
-0.087456,0.0254,0
-0.087256,0.0254,0
-0.087056,0.0254,0
-0.086856,0.0254,0
-0.086656,0.0254,0
-0.086456,0.0254,0
-0.086256,0.0254,0
-0.086056,0.0254,0
-0.085856,0.0254,0
-0.085656,0.0254,0
-0.085456,0.0254,0
-0.085256,0.0254,0
-0.085056,0.0254,0
-0.084856,0.0254,0
-0.084656,0.0254,0
-0.084456,0.0254,0
-0.084256,0.0254,0
-0.084056,0.0254,0
-0.083856,0.0254,0
-0.083656,0.0254,0
-0.083456,0.0254,0
-0.083256,0.0254,0
-0.083056,0.0254,0
-0.082856,0.0254,0
-0.082656,0.0254,0
-0.082456,0.0254,0
-0.082256,0.0254,0
-0.082056,0.0254,0
-0.081856,0.0254,0
-0.081656,0.0254,0
-0.081456,0.0254,0
-0.081256,0.0254,0
-0.081056,0.0254,0
-0.080856,0.0254,0
-0.080656,0.0254,0
-0.080456,0.0254,0
-0.080256,0.0254,0
-0.080056,0.0254,0
-0.079856,0.0254,0
-0.079656,0.0254,0
-0.079456,0.0254,0
-0.079256,0.0254,0
-0.079056,0.0254,0
-0.078856,0.0254,0
-0.078656,0.0254,0
-0.078456,0.0254,0
-0.078256,0.0254,0
-0.078056,0.0254,0
-0.077856,0.0254,0
-0.077656,0.0254,0
-0.077456,0.0254,0
-0.077256,0.0254,0
-0.077056,0.0254,0
-0.076856,0.0254,0
-0.076656,0.0254,0
-0.076456,0.0254,0
-0.076256,0.0254,0
-0.076056,0.0254,0
-0.075856,0.0254,0
-0.075656,0.0254,0
-0.075456,0.0254,0
-0.075256,0.0254,0
-0.075056,0.0254,0
-0.074856,0.0254,0
-0.074656,0.0254,0
-0.074456,0.0254,0
-0.074256,0.0254,0
-0.074056,0.0254,0
-0.073856,0.0254,0
-0.073656,0.0254,0
-0.073456,0.0254,0
-0.073256,0.0254,0
-0.073056,0.0254,0
-0.072856,0.0254,0
-0.072656,0.0254,0
-0.072456,0.0254,0
-0.072256,0.0254,0
-0.072056,0.0254,0
-0.071856,0.0254,0
-0.071656,0.0254,0
-0.071456,0.0254,0
-0.071256,0.0254,0
-0.071056,0.0254,0
-0.070856,0.0254,0
-0.070656,0.0254,0
-0.070456,0.0254,0
-0.070256,0.0254,0
-0.070056,0.0254,0
-0.069856,0.0254,0
-0.069656,0.0254,0
-0.069456,0.0254,0
-0.069256,0.0254,0
-0.069056,0.0254,0
-0.068856,0.0254,0
-0.068656,0.0254,0
-0.068456,0.0254,0
-0.068256,0.0254,0
-0.068056,0.0254,0
-0.067856,0.0254,0
-0.067656,0.0254,0
-0.067456,0.0254,0
-0.067256,0.0254,0
-0.067056,0.0254,0
-0.066856,0.0254,0
-0.066656,0.0254,0
-0.066456,0.0254,0
-0.066256,0.0254,0
-0.066056,0.0254,0
-0.065856,0.0254,0
-0.065656,0.0254,0
-0.065456,0.0254,0
-0.065256,0.0254,0
-0.065056,0.0254,0
-0.064856,0.0254,0
-0.064656,0.0254,0
-0.064456,0.0254,0
-0.064256,0.0254,0
-0.064056,0.0254,0
-0.063856,0.0254,0
-0.063656,0.0254,0
-0.063456,0.0254,0
-0.063256,0.0254,0
-0.063056,0.0254,0
-0.062856,0.0254,0
-0.062656,0.0254,0
-0.062456,0.0254,0
-0.062256,0.0254,0
-0.062056,0.0254,0
-0.061856,0.0254,0
-0.061656,0.0254,0
-0.061456,0.0254,0
-0.061256,0.0254,0
-0.061056,0.0254,0
-0.060856,0.0254,0
-0.060656,0.0254,0
-0.060456,0.0254,0
-0.060256,0.0254,0
-0.060056,0.0254,0
-0.059856,0.0254,0
-0.059656,0.0254,0
-0.059456,0.0254,0
-0.059256,0.0254,0
-0.059056,0.0254,0
-0.058856,0.0254,0
-0.058656,0.0254,0
-0.058456,0.0254,0
-0.058256,0.0254,0
-0.058056,0.0254,0
-0.057856,0.0254,0
-0.057656,0.0254,0
-0.057456,0.0254,0
-0.057256,0.0254,0
-0.057056,0.0254,0
-0.056856,0.0254,0
-0.056656,0.0254,0
-0.056456,0.0254,0
-0.056256,0.0254,0
-0.056056,0.0254,0
-0.055856,0.0254,0
-0.055656,0.0254,0
-0.055456,0.0254,0
-0.055256,0.0254,0
-0.055056,0.0254,0
-0.054856,0.0254,0
-0.054656,0.0254,0
-0.054456,0.0254,0
-0.054256,0.0254,0
-0.054056,0.0254,0
-0.053856,0.0254,0
-0.053656,0.0254,0
-0.053456,0.0254,0
-0.053256,0.0254,0
-0.053056,0.0254,0
-0.052856,0.0254,0
-0.052656,0.0254,0
-0.052456,0.0254,0
-0.052256,0.0254,0
-0.052056,0.0254,0
-0.051856,0.0254,0
-0.051656,0.0254,0
-0.051456,0.0254,0
-0.051256,0.0254,0
-0.051056,0.0254,0
-0.050856,0.0254,0
-0.050656,0.0254,0
-0.050456,0.0254,0
-0.050256,0.0254,0
-0.050056,0.0254,0
-0.049856,0.0254,0
-0.049656,0.0254,0
-0.049456,0.0254,0
-0.049256,0.0254,0
-0.049056,0.0254,0
-0.048856,0.0254,0
-0.048656,0.0254,0
-0.048456,0.0254,0
-0.048256,0.0254,0
-0.048056,0.0254,0
-0.047856,0.0254,0
-0.047656,0.0254,0
-0.047456,0.0254,0
-0.047256,0.0254,0
-0.047056,0.0254,0
-0.046856,0.0254,0
-0.046656,0.0254,0
-0.046456,0.0254,0
-0.046256,0.0254,0
-0.046056,0.0254,0
-0.045856,0.0254,0
-0.045656,0.0254,0
-0.045456,0.0254,0
-0.045256,0.0254,0
-0.045056,0.0254,0
-0.044856,0.0254,0
-0.044656,0.0254,0
-0.044456,0.0254,0
-0.044256,0.0254,0
-0.044056,0.0254,0
-0.043856,0.0254,0
-0.043656,0.0254,0
-0.043456,0.0254,0
-0.043256,0.0254,0
-0.043056,0.0254,0
-0.042856,0.0254,0
-0.042656,0.0254,0
-0.042456,0.0254,0
-0.042256,0.0254,0
-0.042056,0.0254,0
-0.041856,0.0254,0
-0.041656,0.0254,0
-0.041456,0.0254,0
-0.041256,0.0254,0
-0.041056,0.0254,0
-0.040856,0.0254,0
-0.040656,0.0254,0
-0.040456,0.0254,0
-0.040256,0.0254,0
-0.040056,0.0254,0
-0.039856,0.0254,0
-0.039656,0.0254,0
-0.039456,0.0254,0
-0.039256,0.0254,0
-0.039056,0.0254,0
-0.038856,0.0254,0
-0.038656,0.0254,0
-0.038456,0.0254,0
-0.038256,0.0254,0
-0.038056,0.0254,0
-0.037856,0.0254,0
-0.037656,0.0254,0
-0.037456,0.0254,0
-0.037256,0.0254,0
-0.037056,0.0254,0
-0.036856,0.0254,0
-0.036656,0.0254,0
-0.036456,0.0254,0
-0.036256,0.0254,0
-0.036056,0.0254,0
-0.035856,0.0254,0
-0.035656,0.0254,0
-0.035456,0.0254,0
-0.035256,0.0254,0
-0.035056,0.0254,0
-0.034856,0.0254,0
-0.034656,0.0254,0
-0.034456,0.0254,0
-0.034256,0.0254,0
-0.034056,0.0254,0
-0.033856,0.0254,0
-0.033656,0.0254,0
-0.033456,0.0254,0
-0.033256,0.0254,0
-0.033056,0.0254,0
-0.032856,0.0254,0
-0.032656,0.0254,0
-0.032456,0.0254,0
-0.032256,0.0254,0
-0.032056,0.0254,0
-0.031856,0.0254,0
-0.031656,0.0254,0
-0.031456,0.0254,0
-0.031256,0.0254,0
-0.031056,0.0254,0
-0.030856,0.0254,0
-0.030656,0.0254,0
-0.030456,0.0254,0
-0.030256,0.0254,0
-0.030056,0.0254,0
-0.029856,0.0254,0
-0.029656,0.0254,0
-0.029456,0.0254,0
-0.029256,0.0254,0
-0.029056,0.0254,0
-0.028856,0.0254,0
-0.028656,0.0254,0
-0.028456,0.0254,0
-0.028256,0.0254,0
-0.028056,0.0254,0
-0.027856,0.0254,0
-0.027656,0.0254,0
-0.027514,0.0254,0
-0.027506,0.0254,0
-0.027498,0.0254,0
-0.02749,0.0254,0
-0.027482,0.0254,0
-0.027474,0.0254,0
-0.027467,0.0254,0
-0.027459,0.0254,0
-0.027451,0.0254,0
-0.027443,0.0254,0
-0.027435,0.0254,0
-0.027427,0.0254,0
-0.027419,0.0254,0
-0.027412,0.0254,0
-0.027404,0.025399,0
-0.027396,0.025399,0
-0.027388,0.025399,0
-0.02738,0.025399,0
-0.027372,0.025399,0
-0.027364,0.025399,0
-0.027357,0.025399,0
-0.027349,0.025399,0
-0.027341,0.025399,0
-0.027333,0.025398,0
-0.027325,0.025398,0
-0.027317,0.025398,0
-0.027309,0.025398,0
-0.027302,0.025398,0
-0.027294,0.025398,0
-0.027286,0.025397,0
-0.027278,0.025397,0
-0.02727,0.025397,0
-0.027262,0.025397,0
-0.027254,0.025397,0
-0.027247,0.025396,0
-0.027239,0.025396,0
-0.027231,0.025396,0
-0.027223,0.025396,0
-0.027215,0.025396,0
-0.027207,0.025395,0
-0.027199,0.025395,0
-0.027192,0.025395,0
-0.027184,0.025395,0
-0.027176,0.025394,0
-0.027168,0.025394,0
-0.02716,0.025394,0
-0.027152,0.025394,0
-0.027144,0.025393,0
-0.027137,0.025393,0
-0.027129,0.025393,0
-0.027121,0.025392,0
-0.027113,0.025392,0
-0.027105,0.025392,0
-0.027097,0.025391,0
-0.027089,0.025391,0
-0.027082,0.025391,0
-0.027074,0.02539,0
-0.027066,0.02539,0
-0.027058,0.02539,0
-0.02705,0.025389,0
-0.027042,0.025389,0
-0.027034,0.025389,0
-0.027027,0.025388,0
-0.027019,0.025388,0
-0.027011,0.025387,0
-0.027003,0.025387,0
-0.026995,0.025387,0
-0.026987,0.025386,0
-0.02698,0.025386,0
-0.026972,0.025385,0
-0.026964,0.025385,0
-0.026956,0.025384,0
-0.026948,0.025384,0
-0.02694,0.025384,0
-0.026932,0.025383,0
-0.026925,0.025383,0
-0.026917,0.025382,0
-0.026909,0.025382,0
-0.026901,0.025381,0
-0.026893,0.025381,0
-0.026885,0.02538,0
-0.026878,0.02538,0
-0.02687,0.025379,0
-0.026862,0.025379,0
-0.026854,0.025378,0
-0.026846,0.025378,0
-0.026838,0.025377,0
-0.02683,0.025377,0
-0.026823,0.025376,0
-0.026815,0.025376,0
-0.026807,0.025375,0
-0.026799,0.025374,0
-0.026791,0.025374,0
-0.026783,0.025373,0
-0.026776,0.025373,0
-0.026768,0.025372,0
-0.02676,0.025372,0
-0.026752,0.025371,0
-0.026744,0.02537,0
-0.026736,0.02537,0
-0.026729,0.025369,0
-0.026721,0.025369,0
-0.026713,0.025368,0
-0.026705,0.025367,0
-0.026697,0.025367,0
-0.026689,0.025366,0
-0.026682,0.025365,0
-0.026674,0.025365,0
-0.026666,0.025364,0
-0.026658,0.025363,0
-0.02665,0.025363,0
-0.026642,0.025362,0
-0.026635,0.025361,0
-0.026627,0.025361,0
-0.026619,0.02536,0
-0.026611,0.025359,0
-0.026603,0.025359,0
-0.026595,0.025358,0
-0.026588,0.025357,0
-0.02658,0.025356,0
-0.026572,0.025356,0
-0.026564,0.025355,0
-0.026556,0.025354,0
-0.026548,0.025353,0
-0.026541,0.025353,0
-0.026533,0.025352,0
-0.026525,0.025351,0
-0.026517,0.02535,0
-0.026509,0.025349,0
-0.026502,0.025349,0
-0.026494,0.025348,0
-0.026486,0.025347,0
-0.026478,0.025346,0
-0.02647,0.025345,0
-0.026462,0.025345,0
-0.026455,0.025344,0
-0.026447,0.025343,0
-0.026439,0.025342,0
-0.026431,0.025341,0
-0.026423,0.02534,0
-0.026416,0.02534,0
-0.026408,0.025339,0
-0.0264,0.025338,0
-0.026392,0.025337,0
-0.026384,0.025336,0
-0.026376,0.025335,0
-0.026369,0.025334,0
-0.026361,0.025333,0
-0.026353,0.025332,0
-0.026345,0.025332,0
-0.026337,0.025331,0
-0.02633,0.02533,0
-0.026322,0.025329,0
-0.026314,0.025328,0
-0.026306,0.025327,0
-0.026298,0.025326,0
-0.026291,0.025325,0
-0.026283,0.025324,0
-0.026275,0.025323,0
-0.026267,0.025322,0
-0.026259,0.025321,0
-0.026252,0.02532,0
-0.026244,0.025319,0
-0.026236,0.025318,0
-0.026228,0.025317,0
-0.02622,0.025316,0
-0.026213,0.025315,0
-0.026205,0.025314,0
-0.026197,0.025313,0
-0.026189,0.025312,0
-0.026181,0.025311,0
-0.026174,0.02531,0
-0.026166,0.025309,0
-0.026158,0.025308,0
-0.02615,0.025307,0
-0.026143,0.025306,0
-0.026135,0.025304,0
-0.026127,0.025303,0
-0.026119,0.025302,0
-0.026111,0.025301,0
-0.026104,0.0253,0
-0.026096,0.025299,0
-0.026088,0.025298,0
-0.02608,0.025297,0
-0.026072,0.025296,0
-0.026065,0.025294,0
-0.026057,0.025293,0
-0.026049,0.025292,0
-0.026041,0.025291,0
-0.026034,0.02529,0
-0.026026,0.025289,0
-0.026018,0.025288,0
-0.02601,0.025286,0
-0.026003,0.025285,0
-0.025995,0.025284,0
-0.025987,0.025283,0
-0.025979,0.025282,0
-0.025971,0.02528,0
-0.025964,0.025279,0
-0.025956,0.025278,0
-0.025948,0.025277,0
-0.02594,0.025275,0
-0.025933,0.025274,0
-0.025925,0.025273,0
-0.025917,0.025272,0
-0.025909,0.02527,0
-0.025902,0.025269,0
-0.025894,0.025268,0
-0.025886,0.025267,0
-0.025878,0.025265,0
-0.025871,0.025264,0
-0.025863,0.025263,0
-0.025855,0.025262,0
-0.025847,0.02526,0
-0.02584,0.025259,0
-0.025832,0.025258,0
-0.025824,0.025256,0
-0.025816,0.025255,0
-0.025809,0.025254,0
-0.025801,0.025252,0
-0.025793,0.025251,0
-0.025785,0.02525,0
-0.025778,0.025248,0
-0.02577,0.025247,0
-0.025762,0.025245,0
-0.025754,0.025244,0
-0.025747,0.025243,0
-0.025739,0.025241,0
-0.025731,0.02524,0
-0.025723,0.025238,0
-0.025716,0.025237,0
-0.025708,0.025236,0
-0.0257,0.025234,0
-0.025693,0.025233,0
-0.025685,0.025231,0
-0.025677,0.02523,0
-0.025669,0.025228,0
-0.025662,0.025227,0
-0.025654,0.025226,0
-0.025646,0.025224,0
-0.025638,0.025223,0
-0.025631,0.025221,0
-0.025623,0.02522,0
-0.025615,0.025218,0
-0.025608,0.025217,0
-0.0256,0.025215,0
-0.025592,0.025214,0
-0.025584,0.025212,0
-0.025577,0.025211,0
-0.025569,0.025209,0
-0.025561,0.025208,0
-0.025554,0.025206,0
-0.025546,0.025204,0
-0.025538,0.025203,0
-0.02553,0.025201,0
-0.025523,0.0252,0
-0.025515,0.025198,0
-0.025507,0.025197,0
-0.0255,0.025195,0
-0.025492,0.025193,0
-0.025484,0.025192,0
-0.025477,0.02519,0
-0.025469,0.025189,0
-0.025461,0.025187,0
-0.025454,0.025185,0
-0.025446,0.025184,0
-0.025438,0.025182,0
-0.02543,0.025181,0
-0.025423,0.025179,0
-0.025415,0.025177,0
-0.025407,0.025176,0
-0.0254,0.025174,0
-0.025392,0.025172,0
-0.025384,0.025171,0
-0.025377,0.025169,0
-0.025369,0.025167,0
-0.025361,0.025166,0
-0.025354,0.025164,0
-0.025346,0.025162,0
-0.025338,0.02516,0
-0.025331,0.025159,0
-0.025323,0.025157,0
-0.025315,0.025155,0
-0.025308,0.025154,0
-0.0253,0.025152,0
-0.025292,0.02515,0
-0.025285,0.025148,0
-0.025277,0.025147,0
-0.025269,0.025145,0
-0.025262,0.025143,0
-0.025254,0.025141,0
-0.025246,0.02514,0
-0.025239,0.025138,0
-0.025231,0.025136,0
-0.025223,0.025134,0
-0.025216,0.025132,0
-0.025208,0.025131,0
-0.0252,0.025129,0
-0.025193,0.025127,0
-0.025185,0.025125,0
-0.025177,0.025123,0
-0.02517,0.025121,0
-0.025162,0.02512,0
-0.025155,0.025118,0
-0.025147,0.025116,0
-0.025139,0.025114,0
-0.025132,0.025112,0
-0.025124,0.02511,0
-0.025116,0.025108,0
-0.025109,0.025106,0
-0.025101,0.025105,0
-0.025093,0.025103,0
-0.025086,0.025101,0
-0.025078,0.025099,0
-0.025071,0.025097,0
-0.025063,0.025095,0
-0.025055,0.025093,0
-0.025048,0.025091,0
-0.02504,0.025089,0
-0.025033,0.025087,0
-0.025025,0.025085,0
-0.025017,0.025083,0
-0.02501,0.025081,0
-0.025002,0.025079,0
-0.024994,0.025077,0
-0.024987,0.025075,0
-0.024979,0.025073,0
-0.024972,0.025071,0
-0.024964,0.025069,0
-0.024956,0.025067,0
-0.024949,0.025065,0
-0.024941,0.025063,0
-0.024934,0.025061,0
-0.024926,0.025059,0
-0.024918,0.025057,0
-0.024911,0.025055,0
-0.024903,0.025053,0
-0.024896,0.025051,0
-0.024888,0.025049,0
-0.024881,0.025047,0
-0.024873,0.025045,0
-0.024865,0.025043,0
-0.024858,0.025041,0
-0.02485,0.025039,0
-0.024843,0.025037,0
-0.024835,0.025035,0
-0.024828,0.025032,0
-0.02482,0.02503,0
-0.024812,0.025028,0
-0.024805,0.025026,0
-0.024797,0.025024,0
-0.02479,0.025022,0
-0.024782,0.02502,0
-0.024775,0.025017,0
-0.024767,0.025015,0
-0.024759,0.025013,0
-0.024752,0.025011,0
-0.024744,0.025009,0
-0.024737,0.025007,0
-0.024729,0.025004,0
-0.024722,0.025002,0
-0.024714,0.025,0
-0.024707,0.024998,0
-0.024699,0.024996,0
-0.024692,0.024993,0
-0.024684,0.024991,0
-0.024676,0.024989,0
-0.024669,0.024987,0
-0.024661,0.024985,0
-0.024654,0.024982,0
-0.024646,0.02498,0
-0.024639,0.024978,0
-0.024631,0.024976,0
-0.024624,0.024973,0
-0.024616,0.024971,0
-0.024609,0.024969,0
-0.024601,0.024966,0
-0.024594,0.024964,0
-0.024586,0.024962,0
-0.024579,0.024959,0
-0.024571,0.024957,0
-0.024564,0.024955,0
-0.024556,0.024953,0
-0.024549,0.02495,0
-0.024541,0.024948,0
-0.024534,0.024946,0
-0.024526,0.024943,0
-0.024519,0.024941,0
-0.024511,0.024938,0
-0.024504,0.024936,0
-0.024496,0.024934,0
-0.024489,0.024931,0
-0.024481,0.024929,0
-0.024474,0.024927,0
-0.024466,0.024924,0
-0.024459,0.024922,0
-0.024451,0.024919,0
-0.024444,0.024917,0
-0.024436,0.024915,0
-0.024429,0.024912,0
-0.024421,0.02491,0
-0.024414,0.024907,0
-0.024406,0.024905,0
-0.024399,0.024902,0
-0.024391,0.0249,0
-0.024384,0.024898,0
-0.024376,0.024895,0
-0.024369,0.024893,0
-0.024361,0.02489,0
-0.024354,0.024888,0
-0.024347,0.024885,0
-0.024339,0.024883,0
-0.024332,0.02488,0
-0.024324,0.024878,0
-0.024317,0.024875,0
-0.024309,0.024873,0
-0.024302,0.02487,0
-0.024294,0.024868,0
-0.024287,0.024865,0
-0.02428,0.024862,0
-0.024272,0.02486,0
-0.024265,0.024857,0
-0.024257,0.024855,0
-0.02425,0.024852,0
-0.024242,0.02485,0
-0.024235,0.024847,0
-0.024228,0.024845,0
-0.02422,0.024842,0
-0.024213,0.024839,0
-0.024205,0.024837,0
-0.024198,0.024834,0
-0.02419,0.024832,0
-0.024183,0.024829,0
-0.024176,0.024826,0
-0.024168,0.024824,0
-0.024161,0.024821,0
-0.024153,0.024818,0
-0.024146,0.024816,0
-0.024139,0.024813,0
-0.024131,0.02481,0
-0.024124,0.024808,0
-0.024116,0.024805,0
-0.024109,0.024802,0
-0.024102,0.0248,0
-0.024094,0.024797,0
-0.024087,0.024794,0
-0.024079,0.024792,0
-0.024072,0.024789,0
-0.024065,0.024786,0
-0.024057,0.024784,0
-0.02405,0.024781,0
-0.024043,0.024778,0
-0.024035,0.024775,0
-0.024028,0.024773,0
-0.02402,0.02477,0
-0.024013,0.024767,0
-0.024006,0.024764,0
-0.023998,0.024762,0
-0.023991,0.024759,0
-0.023984,0.024756,0
-0.023976,0.024753,0
-0.023969,0.024751,0
-0.023962,0.024748,0
-0.023954,0.024745,0
-0.023947,0.024742,0
-0.02394,0.024739,0
-0.023932,0.024737,0
-0.023925,0.024734,0
-0.023918,0.024731,0
-0.02391,0.024728,0
-0.023903,0.024725,0
-0.023896,0.024722,0
-0.023888,0.02472,0
-0.023881,0.024717,0
-0.023874,0.024714,0
-0.023866,0.024711,0
-0.023859,0.024708,0
-0.023852,0.024705,0
-0.023844,0.024702,0
-0.023837,0.024699,0
-0.02383,0.024697,0
-0.023822,0.024694,0
-0.023815,0.024691,0
-0.023808,0.024688,0
-0.023801,0.024685,0
-0.023793,0.024682,0
-0.023786,0.024679,0
-0.023779,0.024676,0
-0.023771,0.024673,0
-0.023764,0.02467,0
-0.023757,0.024667,0
-0.023749,0.024664,0
-0.023742,0.024661,0
-0.023735,0.024658,0
-0.023728,0.024655,0
-0.02372,0.024652,0
-0.023713,0.024649,0
-0.023706,0.024646,0
-0.023699,0.024644,0
-0.023691,0.02464,0
-0.023684,0.024637,0
-0.023677,0.024634,0
-0.02367,0.024631,0
-0.023662,0.024628,0
-0.023655,0.024625,0
-0.023648,0.024622,0
-0.023641,0.024619,0
-0.023633,0.024616,0
-0.023626,0.024613,0
-0.023619,0.02461,0
-0.023612,0.024607,0
-0.023604,0.024604,0
-0.023597,0.024601,0
-0.02359,0.024598,0
-0.023583,0.024595,0
-0.023575,0.024592,0
-0.023568,0.024589,0
-0.023561,0.024585,0
-0.023554,0.024582,0
-0.023547,0.024579,0
-0.023539,0.024576,0
-0.023532,0.024573,0
-0.023525,0.02457,0
-0.023518,0.024567,0
-0.02351,0.024564,0
-0.023503,0.02456,0
-0.023496,0.024557,0
-0.023489,0.024554,0
-0.023482,0.024551,0
-0.023474,0.024548,0
-0.023467,0.024545,0
-0.02346,0.024541,0
-0.023453,0.024538,0
-0.023446,0.024535,0
-0.023439,0.024532,0
-0.023431,0.024529,0
-0.023424,0.024525,0
-0.023417,0.024522,0
-0.02341,0.024519,0
-0.023403,0.024516,0
-0.023396,0.024513,0
-0.023388,0.024509,0
-0.023381,0.024506,0
-0.023374,0.024503,0
-0.023367,0.0245,0
-0.02336,0.024496,0
-0.023353,0.024493,0
-0.023345,0.02449,0
-0.023338,0.024486,0
-0.023331,0.024483,0
-0.023324,0.02448,0
-0.023317,0.024477,0
-0.02331,0.024473,0
-0.023303,0.02447,0
-0.023296,0.024467,0
-0.023288,0.024463,0
-0.023281,0.02446,0
-0.023274,0.024457,0
-0.023267,0.024453,0
-0.02326,0.02445,0
-0.023253,0.024447,0
-0.023246,0.024443,0
-0.023239,0.02444,0
-0.023231,0.024437,0
-0.023224,0.024433,0
-0.023217,0.02443,0
-0.02321,0.024426,0
-0.023203,0.024423,0
-0.023196,0.02442,0
-0.023189,0.024416,0
-0.023182,0.024413,0
-0.023175,0.024409,0
-0.023168,0.024406,0
-0.023161,0.024403,0
-0.023154,0.024399,0
-0.023146,0.024396,0
-0.023139,0.024392,0
-0.023132,0.024389,0
-0.023125,0.024385,0
-0.023118,0.024382,0
-0.023111,0.024379,0
-0.023104,0.024375,0
-0.023097,0.024372,0
-0.02309,0.024368,0
-0.023083,0.024365,0
-0.023076,0.024361,0
-0.023069,0.024358,0
-0.023062,0.024354,0
-0.023055,0.024351,0
-0.023048,0.024347,0
-0.023041,0.024344,0
-0.023034,0.02434,0
-0.023027,0.024337,0
-0.02302,0.024333,0
-0.023013,0.02433,0
-0.023006,0.024326,0
-0.022999,0.024322,0
-0.022992,0.024319,0
-0.022985,0.024315,0
-0.022978,0.024312,0
-0.022971,0.024308,0
-0.022964,0.024305,0
-0.022957,0.024301,0
-0.02295,0.024297,0
-0.022943,0.024294,0
-0.022936,0.02429,0
-0.022929,0.024287,0
-0.022922,0.024283,0
-0.022915,0.024279,0
-0.022908,0.024276,0
-0.022901,0.024272,0
-0.022894,0.024269,0
-0.022887,0.024265,0
-0.02288,0.024261,0
-0.022873,0.024258,0
-0.022866,0.024254,0
-0.022859,0.02425,0
-0.022852,0.024247,0
-0.022845,0.024243,0
-0.022838,0.024239,0
-0.022831,0.024236,0
-0.022824,0.024232,0
-0.022817,0.024228,0
-0.02281,0.024225,0
-0.022803,0.024221,0
-0.022796,0.024217,0
-0.022789,0.024213,0
-0.022783,0.02421,0
-0.022776,0.024206,0
-0.022769,0.024202,0
-0.022762,0.024199,0
-0.022755,0.024195,0
-0.022748,0.024191,0
-0.022741,0.024187,0
-0.022734,0.024184,0
-0.022727,0.02418,0
-0.02272,0.024176,0
-0.022713,0.024172,0
-0.022707,0.024169,0
-0.0227,0.024165,0
-0.022693,0.024161,0
-0.022686,0.024157,0
-0.022679,0.024153,0
-0.022672,0.02415,0
-0.022665,0.024146,0
-0.022658,0.024142,0
-0.022651,0.024138,0
-0.022645,0.024134,0
-0.022638,0.02413,0
-0.022631,0.024127,0
-0.022624,0.024123,0
-0.022617,0.024119,0
-0.02261,0.024115,0
-0.022603,0.024111,0
-0.022597,0.024107,0
-0.02259,0.024103,0
-0.022583,0.0241,0
-0.022576,0.024096,0
-0.022569,0.024092,0
-0.022562,0.024088,0
-0.022556,0.024084,0
-0.022549,0.02408,0
-0.022542,0.024076,0
-0.022535,0.024072,0
-0.022528,0.024068,0
-0.022522,0.024064,0
-0.022515,0.024061,0
-0.022508,0.024057,0
-0.022501,0.024053,0
-0.022494,0.024049,0
-0.022488,0.024045,0
-0.022481,0.024041,0
-0.022474,0.024037,0
-0.022467,0.024033,0
-0.02246,0.024029,0
-0.022454,0.024025,0
-0.022447,0.024021,0
-0.02244,0.024017,0
-0.022433,0.024013,0
-0.022427,0.024009,0
-0.02242,0.024005,0
-0.022413,0.024001,0
-0.022406,0.023997,0
-0.022399,0.023993,0
-0.022393,0.023989,0
-0.022386,0.023985,0
-0.022379,0.023981,0
-0.022372,0.023977,0
-0.022366,0.023973,0
-0.022359,0.023969,0
-0.022352,0.023965,0
-0.022346,0.023961,0
-0.022339,0.023957,0
-0.022332,0.023953,0
-0.022325,0.023948,0
-0.022319,0.023944,0
-0.022312,0.02394,0
-0.022305,0.023936,0
-0.022299,0.023932,0
-0.022292,0.023928,0
-0.022285,0.023924,0
-0.022278,0.02392,0
-0.022272,0.023916,0
-0.022265,0.023912,0
-0.022258,0.023907,0
-0.022252,0.023903,0
-0.022245,0.023899,0
-0.022238,0.023895,0
-0.022232,0.023891,0
-0.022225,0.023887,0
-0.022218,0.023882,0
-0.022212,0.023878,0
-0.022205,0.023874,0
-0.022198,0.02387,0
-0.022192,0.023866,0
-0.022185,0.023862,0
-0.022178,0.023857,0
-0.022172,0.023853,0
-0.022165,0.023849,0
-0.022158,0.023845,0
-0.022152,0.023841,0
-0.022145,0.023836,0
-0.022139,0.023832,0
-0.022132,0.023828,0
-0.022125,0.023824,0
-0.022119,0.023819,0
-0.022112,0.023815,0
-0.022105,0.023811,0
-0.022099,0.023807,0
-0.022092,0.023802,0
-0.022086,0.023798,0
-0.022079,0.023794,0
-0.022072,0.02379,0
-0.022066,0.023785,0
-0.022059,0.023781,0
-0.022053,0.023777,0
-0.022046,0.023772,0
-0.022039,0.023768,0
-0.022033,0.023764,0
-0.022026,0.02376,0
-0.02202,0.023755,0
-0.022013,0.023751,0
-0.022007,0.023747,0
-0.022,0.023742,0
-0.021994,0.023738,0
-0.021987,0.023734,0
-0.02198,0.023729,0
-0.021974,0.023725,0
-0.021967,0.023721,0
-0.021961,0.023716,0
-0.021954,0.023712,0
-0.021948,0.023707,0
-0.021941,0.023703,0
-0.021935,0.023699,0
-0.021928,0.023694,0
-0.021922,0.02369,0
-0.021915,0.023685,0
-0.021909,0.023681,0
-0.021902,0.023677,0
-0.021896,0.023672,0
-0.021889,0.023668,0
-0.021883,0.023663,0
-0.021876,0.023659,0
-0.02187,0.023655,0
-0.021863,0.02365,0
-0.021857,0.023646,0
-0.02185,0.023641,0
-0.021844,0.023637,0
-0.021837,0.023632,0
-0.021831,0.023628,0
-0.021824,0.023623,0
-0.021818,0.023619,0
-0.021811,0.023614,0
-0.021805,0.02361,0
-0.021798,0.023605,0
-0.021792,0.023601,0
-0.021786,0.023596,0
-0.021779,0.023592,0
-0.021773,0.023587,0
-0.021766,0.023583,0
-0.02176,0.023578,0
-0.021753,0.023574,0
-0.021747,0.023569,0
-0.021741,0.023565,0
-0.021734,0.02356,0
-0.021728,0.023556,0
-0.021721,0.023551,0
-0.021715,0.023547,0
-0.021709,0.023542,0
-0.021702,0.023537,0
-0.021696,0.023533,0
-0.021689,0.023528,0
-0.021683,0.023524,0
-0.021677,0.023519,0
-0.02167,0.023515,0
-0.021664,0.02351,0
-0.021657,0.023505,0
-0.021651,0.023501,0
-0.021645,0.023496,0
-0.021638,0.023492,0
-0.021632,0.023487,0
-0.021626,0.023482,0
-0.021619,0.023478,0
-0.021613,0.023473,0
-0.021607,0.023468,0
-0.0216,0.023464,0
-0.021594,0.023459,0
-0.021588,0.023454,0
-0.021581,0.02345,0
-0.021575,0.023445,0
-0.021569,0.02344,0
-0.021562,0.023436,0
-0.021556,0.023431,0
-0.02155,0.023426,0
-0.021543,0.023422,0
-0.021537,0.023417,0
-0.021531,0.023412,0
-0.021524,0.023408,0
-0.021518,0.023403,0
-0.021512,0.023398,0
-0.021506,0.023393,0
-0.021499,0.023389,0
-0.021493,0.023384,0
-0.021487,0.023379,0
-0.02148,0.023374,0
-0.021474,0.02337,0
-0.021468,0.023365,0
-0.021462,0.02336,0
-0.021455,0.023355,0
-0.021449,0.023351,0
-0.021443,0.023346,0
-0.021437,0.023341,0
-0.02143,0.023336,0
-0.021424,0.023332,0
-0.021418,0.023327,0
-0.021412,0.023322,0
-0.021406,0.023317,0
-0.021399,0.023312,0
-0.021393,0.023308,0
-0.021387,0.023303,0
-0.021381,0.023298,0
-0.021374,0.023293,0
-0.021368,0.023288,0
-0.021362,0.023283,0
-0.021356,0.023279,0
-0.02135,0.023274,0
-0.021343,0.023269,0
-0.021337,0.023264,0
-0.021331,0.023259,0
-0.021325,0.023254,0
-0.021319,0.02325,0
-0.021313,0.023245,0
-0.021306,0.02324,0
-0.0213,0.023235,0
-0.021294,0.02323,0
-0.021288,0.023225,0
-0.021282,0.02322,0
-0.021276,0.023215,0
-0.02127,0.02321,0
-0.021263,0.023205,0
-0.021257,0.023201,0
-0.021251,0.023196,0
-0.021245,0.023191,0
-0.021239,0.023186,0
-0.021233,0.023181,0
-0.021227,0.023176,0
-0.021221,0.023171,0
-0.021214,0.023166,0
-0.021208,0.023161,0
-0.021202,0.023156,0
-0.021196,0.023151,0
-0.02119,0.023146,0
-0.021184,0.023141,0
-0.021178,0.023136,0
-0.021172,0.023131,0
-0.021166,0.023126,0
-0.02116,0.023121,0
-0.021154,0.023116,0
-0.021148,0.023111,0
-0.021141,0.023106,0
-0.021135,0.023101,0
-0.021129,0.023096,0
-0.021123,0.023091,0
-0.021117,0.023086,0
-0.021111,0.023081,0
-0.021105,0.023076,0
-0.021099,0.023071,0
-0.021093,0.023066,0
-0.021087,0.023061,0
-0.021081,0.023056,0
-0.021075,0.023051,0
-0.021069,0.023046,0
-0.021063,0.023041,0
-0.021057,0.023036,0
-0.021051,0.023031,0
-0.021045,0.023025,0
-0.021039,0.02302,0
-0.021033,0.023015,0
-0.021027,0.02301,0
-0.021021,0.023005,0
-0.021015,0.023,0
-0.021009,0.022995,0
-0.021003,0.02299,0
-0.020997,0.022985,0
-0.020991,0.02298,0
-0.020985,0.022974,0
-0.020979,0.022969,0
-0.020973,0.022964,0
-0.020968,0.022959,0
-0.020962,0.022954,0
-0.020956,0.022949,0
-0.02095,0.022944,0
-0.020944,0.022938,0
-0.020938,0.022933,0
-0.020932,0.022928,0
-0.020926,0.022923,0
-0.02092,0.022918,0
-0.020914,0.022912,0
-0.020908,0.022907,0
-0.020902,0.022902,0
-0.020897,0.022897,0
-0.020891,0.022892,0
-0.020885,0.022886,0
-0.020879,0.022881,0
-0.020873,0.022876,0
-0.020867,0.022871,0
-0.020861,0.022866,0
-0.020855,0.02286,0
-0.02085,0.022855,0
-0.020844,0.02285,0
-0.020838,0.022845,0
-0.020832,0.022839,0
-0.020826,0.022834,0
-0.02082,0.022829,0
-0.020814,0.022824,0
-0.020809,0.022818,0
-0.020803,0.022813,0
-0.020797,0.022808,0
-0.020791,0.022802,0
-0.020785,0.022797,0
-0.020779,0.022792,0
-0.020774,0.022787,0
-0.020768,0.022781,0
-0.020762,0.022776,0
-0.020756,0.022771,0
-0.02075,0.022765,0
-0.020745,0.02276,0
-0.020739,0.022755,0
-0.020733,0.022749,0
-0.020727,0.022744,0
-0.020722,0.022739,0
-0.020716,0.022733,0
-0.02071,0.022728,0
-0.020704,0.022723,0
-0.020699,0.022717,0
-0.020693,0.022712,0
-0.020687,0.022707,0
-0.020681,0.022701,0
-0.020676,0.022696,0
-0.02067,0.02269,0
-0.020664,0.022685,0
-0.020658,0.02268,0
-0.020653,0.022674,0
-0.020647,0.022669,0
-0.020641,0.022664,0
-0.020636,0.022658,0
-0.02063,0.022653,0
-0.020624,0.022647,0
-0.020618,0.022642,0
-0.020613,0.022636,0
-0.020607,0.022631,0
-0.020601,0.022626,0
-0.020596,0.02262,0
-0.02059,0.022615,0
-0.020584,0.022609,0
-0.020579,0.022604,0
-0.020573,0.022598,0
-0.020567,0.022593,0
-0.020562,0.022587,0
-0.020556,0.022582,0
-0.02055,0.022577,0
-0.020545,0.022571,0
-0.020539,0.022566,0
-0.020534,0.02256,0
-0.020528,0.022555,0
-0.020522,0.022549,0
-0.020517,0.022544,0
-0.020511,0.022538,0
-0.020505,0.022533,0
-0.0205,0.022527,0
-0.020494,0.022522,0
-0.020489,0.022516,0
-0.020483,0.02251,0
-0.020478,0.022505,0
-0.020472,0.022499,0
-0.020466,0.022494,0
-0.020461,0.022488,0
-0.020455,0.022483,0
-0.02045,0.022477,0
-0.020444,0.022472,0
-0.020428,0.022457,0
-0.020412,0.022441,0
-0.020397,0.022425,0
-0.020381,0.02241,0
-0.020365,0.022394,0
-0.020349,0.022378,0
-0.020333,0.022362,0
-0.020318,0.022346,0
-0.020302,0.022331,0
-0.020286,0.022315,0
-0.02027,0.022299,0
-0.020254,0.022283,0
-0.020238,0.022267,0
-0.020223,0.022251,0
-0.020207,0.022236,0
-0.020191,0.02222,0
-0.020175,0.022204,0
-0.020159,0.022188,0
-0.020143,0.022172,0
-0.020128,0.022157,0
-0.020112,0.022141,0
-0.020096,0.022125,0
-0.02008,0.022109,0
-0.020064,0.022093,0
-0.020049,0.022077,0
-0.020033,0.022062,0
-0.020017,0.022046,0
-0.020001,0.02203,0
-0.019985,0.022014,0
-0.019969,0.021998,0
-0.019954,0.021982,0
-0.019938,0.021967,0
-0.019922,0.021951,0
-0.019906,0.021935,0
-0.01989,0.021919,0
-0.019874,0.021903,0
-0.019859,0.021888,0
-0.019843,0.021872,0
-0.019827,0.021856,0
-0.019811,0.02184,0
-0.019795,0.021824,0
-0.01978,0.021808,0
-0.019764,0.021793,0
-0.019748,0.021777,0
-0.019732,0.021761,0
-0.019716,0.021745,0
-0.0197,0.021729,0
-0.019685,0.021713,0
-0.019669,0.021698,0
-0.019653,0.021682,0
-0.019637,0.021666,0
-0.019621,0.02165,0
-0.019606,0.021634,0
-0.01959,0.021619,0
-0.019574,0.021603,0
-0.019558,0.021587,0
-0.019542,0.021571,0
-0.019526,0.021555,0
-0.019511,0.021539,0
-0.019495,0.021524,0
-0.019479,0.021508,0
-0.019463,0.021492,0
-0.019447,0.021476,0
-0.019431,0.02146,0
-0.019416,0.021445,0
-0.0194,0.021429,0
-0.019384,0.021413,0
-0.019368,0.021397,0
-0.019352,0.021381,0
-0.019337,0.021365,0
-0.019321,0.02135,0
-0.019305,0.021334,0
-0.019289,0.021318,0
-0.019273,0.021302,0
-0.019257,0.021286,0
-0.019242,0.02127,0
-0.019226,0.021255,0
-0.01921,0.021239,0
-0.019194,0.021223,0
-0.019178,0.021207,0
-0.019162,0.021191,0
-0.019147,0.021176,0
-0.019131,0.02116,0
-0.019115,0.021144,0
-0.019099,0.021128,0
-0.019083,0.021112,0
-0.019068,0.021096,0
-0.019052,0.021081,0
-0.019036,0.021065,0
-0.01902,0.021049,0
-0.019004,0.021033,0
-0.018988,0.021017,0
-0.018973,0.021001,0
-0.018957,0.020986,0
-0.018941,0.02097,0
-0.018925,0.020954,0
-0.018909,0.020938,0
-0.018894,0.020922,0
-0.018878,0.020907,0
-0.018862,0.020891,0
-0.018846,0.020875,0
-0.01883,0.020859,0
-0.018814,0.020843,0
-0.018799,0.020827,0
-0.018783,0.020812,0
-0.018767,0.020796,0
-0.018751,0.02078,0
-0.018735,0.020764,0
-0.018719,0.020748,0
-0.018704,0.020733,0
-0.018688,0.020717,0
-0.018672,0.020701,0
-0.018656,0.020685,0
-0.01864,0.020669,0
-0.018625,0.020653,0
-0.018609,0.020638,0
-0.018593,0.020622,0
-0.018577,0.020606,0
-0.018561,0.02059,0
-0.018545,0.020574,0
-0.01853,0.020558,0
-0.018514,0.020543,0
-0.018498,0.020527,0
-0.018482,0.020511,0
-0.018466,0.020495,0
-0.01845,0.020479,0
-0.018435,0.020464,0
-0.018419,0.020448,0
-0.018403,0.020432,0
-0.018387,0.020416,0
-0.018371,0.0204,0
-0.018356,0.020384,0
-0.01834,0.020369,0
-0.018324,0.020353,0
-0.018308,0.020337,0
-0.018292,0.020321,0
-0.018276,0.020305,0
-0.018261,0.020289,0
-0.018245,0.020274,0
-0.018229,0.020258,0
-0.018213,0.020242,0
-0.018197,0.020226,0
-0.018182,0.02021,0
-0.018166,0.020195,0
-0.01815,0.020179,0
-0.018134,0.020163,0
-0.018118,0.020147,0
-0.018102,0.020131,0
-0.018087,0.020115,0
-0.018071,0.0201,0
-0.018055,0.020084,0
-0.018039,0.020068,0
-0.018023,0.020052,0
-0.018007,0.020036,0
-0.017992,0.020021,0
-0.017976,0.020005,0
-0.01796,0.019989,0
-0.017944,0.019973,0
-0.017928,0.019957,0
-0.017913,0.019941,0
-0.017897,0.019926,0
-0.017881,0.01991,0
-0.017865,0.019894,0
-0.017849,0.019878,0
-0.017833,0.019862,0
-0.017818,0.019846,0
-0.017802,0.019831,0
-0.017786,0.019815,0
-0.01777,0.019799,0
-0.017754,0.019783,0
-0.017738,0.019767,0
-0.017723,0.019752,0
-0.017707,0.019736,0
-0.017691,0.01972,0
-0.017675,0.019704,0
-0.017659,0.019688,0
-0.017644,0.019672,0
-0.017628,0.019657,0
-0.017612,0.019641,0
-0.017596,0.019625,0
-0.01758,0.019609,0
-0.017564,0.019593,0
-0.017549,0.019577,0
-0.017533,0.019562,0
-0.017517,0.019546,0
-0.017501,0.01953,0
-0.017485,0.019514,0
-0.01747,0.019498,0
-0.017454,0.019483,0
-0.017438,0.019467,0
-0.017422,0.019451,0
-0.017406,0.019435,0
-0.01739,0.019419,0
-0.017375,0.019403,0
-0.017359,0.019388,0
-0.017343,0.019372,0
-0.017327,0.019356,0
-0.017311,0.01934,0
-0.017295,0.019324,0
-0.01728,0.019309,0
-0.017264,0.019293,0
-0.017248,0.019277,0
-0.017232,0.019261,0
-0.017216,0.019245,0
-0.017201,0.019229,0
-0.017185,0.019214,0
-0.017169,0.019198,0
-0.017153,0.019182,0
-0.017137,0.019166,0
-0.017121,0.01915,0
-0.017106,0.019134,0
-0.01709,0.019119,0
-0.017074,0.019103,0
-0.017058,0.019087,0
-0.017042,0.019071,0
-0.017026,0.019055,0
-0.017011,0.01904,0
-0.016995,0.019024,0
-0.016979,0.019008,0
-0.016963,0.018992,0
-0.016947,0.018976,0
-0.016932,0.01896,0
-0.016916,0.018945,0
-0.0169,0.018929,0
-0.016884,0.018913,0
-0.016868,0.018897,0
-0.016852,0.018881,0
-0.016837,0.018865,0
-0.016821,0.01885,0
-0.016805,0.018834,0
-0.016789,0.018818,0
-0.016773,0.018802,0
-0.016758,0.018786,0
-0.016742,0.018771,0
-0.016726,0.018755,0
-0.01671,0.018739,0
-0.016694,0.018723,0
-0.016678,0.018707,0
-0.016663,0.018691,0
-0.016647,0.018676,0
-0.016631,0.01866,0
-0.016615,0.018644,0
-0.016599,0.018628,0
-0.016583,0.018612,0
-0.016568,0.018597,0
-0.016552,0.018581,0
-0.016536,0.018565,0
-0.01652,0.018549,0
-0.016504,0.018533,0
-0.016489,0.018517,0
-0.016473,0.018502,0
-0.016457,0.018486,0
-0.016441,0.01847,0
-0.016425,0.018454,0
-0.016409,0.018438,0
-0.016394,0.018422,0
-0.016378,0.018407,0
-0.016362,0.018391,0
-0.016346,0.018375,0
-0.01633,0.018359,0
-0.016314,0.018343,0
-0.016299,0.018328,0
-0.016283,0.018312,0
-0.016267,0.018296,0
-0.016251,0.01828,0
-0.016235,0.018264,0
-0.01622,0.018248,0
-0.016204,0.018233,0
-0.016188,0.018217,0
-0.016172,0.018201,0
-0.016156,0.018185,0
-0.01614,0.018169,0
-0.016125,0.018153,0
-0.016109,0.018138,0
-0.016093,0.018122,0
-0.016077,0.018106,0
-0.016061,0.01809,0
-0.016046,0.018074,0
-0.01603,0.018059,0
-0.016014,0.018043,0
-0.015998,0.018027,0
-0.015982,0.018011,0
-0.015966,0.017995,0
-0.015951,0.017979,0
-0.015935,0.017964,0
-0.015919,0.017948,0
-0.015903,0.017932,0
-0.015887,0.017916,0
-0.015871,0.0179,0
-0.015856,0.017885,0
-0.01584,0.017869,0
-0.015824,0.017853,0
-0.015808,0.017837,0
-0.015792,0.017821,0
-0.015777,0.017805,0
-0.015761,0.01779,0
-0.015745,0.017774,0
-0.015729,0.017758,0
-0.015713,0.017742,0
-0.015697,0.017726,0
-0.015682,0.01771,0
-0.015666,0.017695,0
-0.01565,0.017679,0
-0.015634,0.017663,0
-0.015618,0.017647,0
-0.015602,0.017631,0
-0.015587,0.017616,0
-0.015571,0.0176,0
-0.015555,0.017584,0
-0.015539,0.017568,0
-0.015523,0.017552,0
-0.015508,0.017536,0
-0.015492,0.017521,0
-0.015476,0.017505,0
-0.01546,0.017489,0
-0.015444,0.017473,0
-0.015428,0.017457,0
-0.015413,0.017442,0
-0.015397,0.017426,0
-0.015381,0.01741,0
-0.015365,0.017394,0
-0.015349,0.017378,0
-0.015334,0.017362,0
-0.015318,0.017347,0
-0.015302,0.017331,0
-0.015286,0.017315,0
-0.01527,0.017299,0
-0.015254,0.017283,0
-0.015239,0.017267,0
-0.015223,0.017252,0
-0.015207,0.017236,0
-0.015191,0.01722,0
-0.015175,0.017204,0
-0.015159,0.017188,0
-0.015144,0.017173,0
-0.015128,0.017157,0
-0.015112,0.017141,0
-0.015096,0.017125,0
-0.01508,0.017109,0
-0.015065,0.017093,0
-0.015049,0.017078,0
-0.015033,0.017062,0
-0.015017,0.017046,0
-0.015001,0.01703,0
-0.014985,0.017014,0
-0.01497,0.016998,0
-0.014954,0.016983,0
-0.014938,0.016967,0
-0.014922,0.016951,0
-0.014906,0.016935,0
-0.014891,0.016919,0
-0.014875,0.016904,0
-0.014859,0.016888,0
-0.014843,0.016872,0
-0.014827,0.016856,0
-0.014811,0.01684,0
-0.014796,0.016824,0
-0.01478,0.016809,0
-0.014764,0.016793,0
-0.014748,0.016777,0
-0.014732,0.016761,0
-0.014716,0.016745,0
-0.014701,0.01673,0
-0.014685,0.016714,0
-0.014669,0.016698,0
-0.014653,0.016682,0
-0.014637,0.016666,0
-0.014622,0.01665,0
-0.014606,0.016635,0
-0.01459,0.016619,0
-0.014574,0.016603,0
-0.014558,0.016587,0
-0.014542,0.016571,0
-0.014527,0.016555,0
-0.014511,0.01654,0
-0.014495,0.016524,0
-0.014479,0.016508,0
-0.014463,0.016492,0
-0.014447,0.016476,0
-0.014432,0.016461,0
-0.014416,0.016445,0
-0.0144,0.016429,0
-0.014384,0.016413,0
-0.014368,0.016397,0
-0.014353,0.016381,0
-0.014337,0.016366,0
-0.014321,0.01635,0
-0.014305,0.016334,0
-0.014289,0.016318,0
-0.014273,0.016302,0
-0.014258,0.016286,0
-0.014242,0.016271,0
-0.014226,0.016255,0
-0.01421,0.016239,0
-0.014194,0.016223,0
-0.014179,0.016207,0
-0.014163,0.016192,0
-0.014147,0.016176,0
-0.014131,0.01616,0
-0.014115,0.016144,0
-0.014099,0.016128,0
-0.014084,0.016112,0
-0.014068,0.016097,0
-0.014052,0.016081,0
-0.014036,0.016065,0
-0.01402,0.016049,0
-0.014004,0.016033,0
-0.013989,0.016018,0
-0.013973,0.016002,0
-0.013957,0.015986,0
-0.013941,0.01597,0
-0.013925,0.015954,0
-0.01391,0.015938,0
-0.013894,0.015923,0
-0.013878,0.015907,0
-0.013862,0.015891,0
-0.013846,0.015875,0
-0.01383,0.015859,0
-0.013815,0.015843,0
-0.013799,0.015828,0
-0.013783,0.015812,0
-0.013767,0.015796,0
-0.013751,0.01578,0
-0.013735,0.015764,0
-0.01372,0.015749,0
-0.013704,0.015733,0
-0.013688,0.015717,0
-0.013672,0.015701,0
-0.013656,0.015685,0
-0.013641,0.015669,0
-0.013625,0.015654,0
-0.013609,0.015638,0
-0.013593,0.015622,0
-0.013577,0.015606,0
-0.013561,0.01559,0
-0.013546,0.015574,0
-0.01353,0.015559,0
-0.013514,0.015543,0
-0.013498,0.015527,0
-0.013482,0.015511,0
-0.013467,0.015495,0
-0.013451,0.01548,0
-0.013435,0.015464,0
-0.013419,0.015448,0
-0.013403,0.015432,0
-0.013387,0.015416,0
-0.013372,0.0154,0
-0.013356,0.015385,0
-0.01334,0.015369,0
-0.013324,0.015353,0
-0.013308,0.015337,0
-0.013292,0.015321,0
-0.013277,0.015306,0
-0.013261,0.01529,0
-0.013245,0.015274,0
-0.013229,0.015258,0
-0.013213,0.015242,0
-0.013198,0.015226,0
-0.013182,0.015211,0
-0.013166,0.015195,0
-0.01315,0.015179,0
-0.013134,0.015163,0
-0.013118,0.015147,0
-0.013103,0.015131,0
-0.013087,0.015116,0
-0.013071,0.0151,0
-0.013055,0.015084,0
-0.013039,0.015068,0
-0.013023,0.015052,0
-0.013008,0.015037,0
-0.012992,0.015021,0
-0.012976,0.015005,0
-0.01296,0.014989,0
-0.012944,0.014973,0
-0.012929,0.014957,0
-0.012913,0.014942,0
-0.012897,0.014926,0
-0.012881,0.01491,0
-0.012865,0.014894,0
-0.012849,0.014878,0
-0.012834,0.014862,0
-0.012818,0.014847,0
-0.012802,0.014831,0
-0.012786,0.014815,0
-0.01277,0.014799,0
-0.012755,0.014783,0
-0.012739,0.014768,0
-0.012723,0.014752,0
-0.012707,0.014736,0
-0.012691,0.01472,0
-0.012675,0.014704,0
-0.01266,0.014688,0
-0.012644,0.014673,0
-0.012628,0.014657,0
-0.012612,0.014641,0
-0.012596,0.014625,0
-0.01258,0.014609,0
-0.012565,0.014594,0
-0.012549,0.014578,0
-0.012533,0.014562,0
-0.012517,0.014546,0
-0.012501,0.01453,0
-0.012486,0.014514,0
-0.01247,0.014499,0
-0.012454,0.014483,0
-0.012438,0.014467,0
-0.012422,0.014451,0
-0.012406,0.014435,0
-0.012391,0.014419,0
-0.012375,0.014404,0
-0.012359,0.014388,0
-0.012343,0.014372,0
-0.012327,0.014356,0
-0.012311,0.01434,0
-0.012296,0.014325,0
-0.01228,0.014309,0
-0.012264,0.014293,0
-0.012248,0.014277,0
-0.012232,0.014261,0
-0.012217,0.014245,0
-0.012201,0.01423,0
-0.012185,0.014214,0
-0.012169,0.014198,0
-0.012153,0.014182,0
-0.012137,0.014166,0
-0.012122,0.01415,0
-0.012106,0.014135,0
-0.01209,0.014119,0
-0.012074,0.014103,0
-0.012058,0.014087,0
-0.012043,0.014071,0
-0.012027,0.014056,0
-0.012011,0.01404,0
-0.011995,0.014024,0
-0.011979,0.014008,0
-0.011963,0.013992,0
-0.011948,0.013976,0
-0.011932,0.013961,0
-0.011916,0.013945,0
-0.0119,0.013929,0
-0.011884,0.013913,0
-0.011868,0.013897,0
-0.011853,0.013882,0
-0.011837,0.013866,0
-0.011821,0.01385,0
-0.011805,0.013834,0
-0.011789,0.013818,0
-0.011774,0.013802,0
-0.011758,0.013787,0
-0.011742,0.013771,0
-0.011726,0.013755,0
-0.01171,0.013739,0
-0.011694,0.013723,0
-0.011679,0.013707,0
-0.011663,0.013692,0
-0.011647,0.013676,0
-0.011631,0.01366,0
-0.011615,0.013644,0
-0.011599,0.013628,0
-0.011584,0.013613,0
-0.011568,0.013597,0
-0.011552,0.013581,0
-0.011536,0.013565,0
-0.01152,0.013549,0
-0.011505,0.013533,0
-0.011489,0.013518,0
-0.011473,0.013502,0
-0.011457,0.013486,0
-0.011441,0.01347,0
-0.011425,0.013454,0
-0.01141,0.013438,0
-0.011394,0.013423,0
-0.011378,0.013407,0
-0.011362,0.013391,0
-0.011346,0.013375,0
-0.011331,0.013359,0
-0.011315,0.013344,0
-0.011299,0.013328,0
-0.011283,0.013312,0
-0.011267,0.013296,0
-0.011251,0.01328,0
-0.011236,0.013264,0
-0.01122,0.013249,0
-0.011204,0.013233,0
-0.011188,0.013217,0
-0.011172,0.013201,0
-0.011156,0.013185,0
-0.011141,0.01317,0
-0.011125,0.013154,0
-0.011109,0.013138,0
-0.011093,0.013122,0
-0.011077,0.013106,0
-0.011062,0.01309,0
-0.011046,0.013075,0
-0.01103,0.013059,0
-0.011014,0.013043,0
-0.010998,0.013027,0
-0.010982,0.013011,0
-0.010967,0.012995,0
-0.010951,0.01298,0
-0.010935,0.012964,0
-0.010919,0.012948,0
-0.010903,0.012932,0
-0.010887,0.012916,0
-0.010872,0.012901,0
-0.010856,0.012885,0
-0.01084,0.012869,0
-0.010824,0.012853,0
-0.010808,0.012837,0
-0.010793,0.012821,0
-0.010777,0.012806,0
-0.010761,0.01279,0
-0.010745,0.012774,0
-0.010729,0.012758,0
-0.010713,0.012742,0
-0.010698,0.012726,0
-0.010682,0.012711,0
-0.010666,0.012695,0
-0.01065,0.012679,0
-0.010634,0.012663,0
-0.010619,0.012647,0
-0.010603,0.012632,0
-0.010587,0.012616,0
-0.010571,0.0126,0
-0.010555,0.012584,0
-0.010539,0.012568,0
-0.010524,0.012552,0
-0.010508,0.012537,0
-0.010492,0.012521,0
-0.010476,0.012505,0
-0.01046,0.012489,0
-0.010444,0.012473,0
-0.010429,0.012458,0
-0.010413,0.012442,0
-0.010397,0.012426,0
-0.010381,0.01241,0
-0.010365,0.012394,0
-0.01035,0.012378,0
-0.010334,0.012363,0
-0.010318,0.012347,0
-0.010302,0.012331,0
-0.010286,0.012315,0
-0.01027,0.012299,0
-0.010255,0.012283,0
-0.010239,0.012268,0
-0.010223,0.012252,0
-0.010207,0.012236,0
-0.010191,0.01222,0
-0.010175,0.012204,0
-0.01016,0.012189,0
-0.010144,0.012173,0
-0.010128,0.012157,0
-0.010112,0.012141,0
-0.010096,0.012125,0
-0.010081,0.012109,0
-0.010065,0.012094,0
-0.010049,0.012078,0
-0.010033,0.012062,0
-0.010017,0.012046,0
-0.010001,0.01203,0
-0.0099856,0.012014,0
-0.0099698,0.011999,0
-0.009954,0.011983,0
-0.0099382,0.011967,0
-0.0099223,0.011951,0
-0.0099065,0.011935,0
-0.0098907,0.01192,0
-0.0098749,0.011904,0
-0.0098591,0.011888,0
-0.0098432,0.011872,0
-0.0098274,0.011856,0
-0.0098116,0.01184,0
-0.0097958,0.011825,0
-0.0097799,0.011809,0
-0.0097641,0.011793,0
-0.0097483,0.011777,0
-0.0097325,0.011761,0
-0.0097167,0.011746,0
-0.0097008,0.01173,0
-0.009685,0.011714,0
-0.0096692,0.011698,0
-0.0096534,0.011682,0
-0.0096375,0.011666,0
-0.0096217,0.011651,0
-0.0096059,0.011635,0
-0.0095901,0.011619,0
-0.0095743,0.011603,0
-0.0095584,0.011587,0
-0.0095426,0.011571,0
-0.0095268,0.011556,0
-0.009511,0.01154,0
-0.0094951,0.011524,0
-0.0094793,0.011508,0
-0.0094635,0.011492,0
-0.0094477,0.011477,0
-0.0094319,0.011461,0
-0.009416,0.011445,0
-0.0094002,0.011429,0
-0.0093844,0.011413,0
-0.0093686,0.011397,0
-0.0093527,0.011382,0
-0.0093369,0.011366,0
-0.0093211,0.01135,0
-0.0093053,0.011334,0
-0.0092895,0.011318,0
-0.0092736,0.011303,0
-0.0092578,0.011287,0
-0.009242,0.011271,0
-0.0092262,0.011255,0
-0.0092103,0.011239,0
-0.0091945,0.011223,0
-0.0091787,0.011208,0
-0.0091629,0.011192,0
-0.0091471,0.011176,0
-0.0091312,0.01116,0
-0.0091154,0.011144,0
-0.0090996,0.011128,0
-0.0090838,0.011113,0
-0.0090679,0.011097,0
-0.0090521,0.011081,0
-0.0090363,0.011065,0
-0.0090205,0.011049,0
-0.0090047,0.011034,0
-0.0089888,0.011018,0
-0.008973,0.011002,0
-0.0089572,0.010986,0
-0.0089414,0.01097,0
-0.0089255,0.010954,0
-0.0089097,0.010939,0
-0.0088939,0.010923,0
-0.0088781,0.010907,0
-0.0088623,0.010891,0
-0.0088464,0.010875,0
-0.0088306,0.010859,0
-0.0088148,0.010844,0
-0.008799,0.010828,0
-0.0087831,0.010812,0
-0.0087673,0.010796,0
-0.0087515,0.01078,0
-0.0087357,0.010765,0
-0.0087199,0.010749,0
-0.008704,0.010733,0
-0.0086882,0.010717,0
-0.0086724,0.010701,0
-0.0086566,0.010685,0
-0.0086407,0.01067,0
-0.0086249,0.010654,0
-0.0086091,0.010638,0
-0.0085933,0.010622,0
-0.0085775,0.010606,0
-0.0085616,0.010591,0
-0.0085458,0.010575,0
-0.00853,0.010559,0
-0.0085142,0.010543,0
-0.0084983,0.010527,0
-0.0084825,0.010511,0
-0.0084667,0.010496,0
-0.0084509,0.01048,0
-0.0084351,0.010464,0
-0.0084192,0.010448,0
-0.0084034,0.010432,0
-0.0083876,0.010416,0
-0.0083718,0.010401,0
-0.0083559,0.010385,0
-0.0083401,0.010369,0
-0.0083243,0.010353,0
-0.0083085,0.010337,0
-0.0082927,0.010322,0
-0.0082768,0.010306,0
-0.008261,0.01029,0
-0.0082452,0.010274,0
-0.0082294,0.010258,0
-0.0082135,0.010242,0
-0.0081977,0.010227,0
-0.0081819,0.010211,0
-0.0081661,0.010195,0
-0.0081503,0.010179,0
-0.0081344,0.010163,0
-0.0081186,0.010147,0
-0.0081028,0.010132,0
-0.008087,0.010116,0
-0.0080711,0.0101,0
-0.0080553,0.010084,0
-0.0080395,0.010068,0
-0.0080237,0.010053,0
-0.0080079,0.010037,0
-0.007992,0.010021,0
-0.0079762,0.010005,0
-0.0079604,0.0099893,0
-0.0079446,0.0099734,0
-0.0079287,0.0099576,0
-0.0079129,0.0099418,0
-0.0078971,0.009926,0
-0.0078813,0.0099101,0
-0.0078655,0.0098943,0
-0.0078496,0.0098785,0
-0.0078338,0.0098627,0
-0.007818,0.0098469,0
-0.0078022,0.009831,0
-0.0077863,0.0098152,0
-0.0077705,0.0097994,0
-0.0077547,0.0097836,0
-0.0077389,0.0097677,0
-0.0077231,0.0097519,0
-0.0077072,0.0097361,0
-0.0076914,0.0097203,0
-0.0076756,0.0097045,0
-0.0076598,0.0096886,0
-0.0076439,0.0096728,0
-0.0076281,0.009657,0
-0.0076123,0.0096412,0
-0.0075965,0.0096254,0
-0.0075807,0.0096095,0
-0.0075648,0.0095937,0
-0.0075593,0.0095882,0
-0.0075537,0.0095826,0
-0.0075481,0.0095771,0
-0.0075426,0.0095715,0
-0.007537,0.009566,0
-0.0075314,0.0095604,0
-0.0075258,0.0095549,0
-0.0075202,0.0095494,0
-0.0075146,0.0095439,0
-0.007509,0.0095383,0
-0.0075034,0.0095328,0
-0.0074978,0.0095273,0
-0.0074922,0.0095218,0
-0.0074866,0.0095163,0
-0.007481,0.0095108,0
-0.0074754,0.0095053,0
-0.0074697,0.0094999,0
-0.0074641,0.0094944,0
-0.0074584,0.0094889,0
-0.0074528,0.0094834,0
-0.0074472,0.009478,0
-0.0074415,0.0094725,0
-0.0074359,0.009467,0
-0.0074302,0.0094616,0
-0.0074245,0.0094561,0
-0.0074189,0.0094507,0
-0.0074132,0.0094452,0
-0.0074075,0.0094398,0
-0.0074018,0.0094344,0
-0.0073961,0.0094289,0
-0.0073905,0.0094235,0
-0.0073848,0.0094181,0
-0.0073791,0.0094127,0
-0.0073734,0.0094073,0
-0.0073677,0.0094019,0
-0.0073619,0.0093965,0
-0.0073562,0.0093911,0
-0.0073505,0.0093857,0
-0.0073448,0.0093803,0
-0.0073391,0.0093749,0
-0.0073333,0.0093695,0
-0.0073276,0.0093642,0
-0.0073218,0.0093588,0
-0.0073161,0.0093534,0
-0.0073104,0.0093481,0
-0.0073046,0.0093427,0
-0.0072988,0.0093374,0
-0.0072931,0.009332,0
-0.0072873,0.0093267,0
-0.0072815,0.0093213,0
-0.0072758,0.009316,0
-0.00727,0.0093107,0
-0.0072642,0.0093054,0
-0.0072584,0.0093,0
-0.0072526,0.0092947,0
-0.0072468,0.0092894,0
-0.007241,0.0092841,0
-0.0072352,0.0092788,0
-0.0072294,0.0092735,0
-0.0072236,0.0092682,0
-0.0072178,0.0092629,0
-0.007212,0.0092576,0
-0.0072062,0.0092524,0
-0.0072003,0.0092471,0
-0.0071945,0.0092418,0
-0.0071887,0.0092366,0
-0.0071828,0.0092313,0
-0.007177,0.009226,0
-0.0071711,0.0092208,0
-0.0071653,0.0092155,0
-0.0071594,0.0092103,0
-0.0071535,0.0092051,0
-0.0071477,0.0091998,0
-0.0071418,0.0091946,0
-0.0071359,0.0091894,0
-0.0071301,0.0091842,0
-0.0071242,0.0091789,0
-0.0071183,0.0091737,0
-0.0071124,0.0091685,0
-0.0071065,0.0091633,0
-0.0071006,0.0091581,0
-0.0070947,0.0091529,0
-0.0070888,0.0091478,0
-0.0070829,0.0091426,0
-0.007077,0.0091374,0
-0.0070711,0.0091322,0
-0.0070651,0.0091271,0
-0.0070592,0.0091219,0
-0.0070533,0.0091167,0
-0.0070473,0.0091116,0
-0.0070414,0.0091064,0
-0.0070355,0.0091013,0
-0.0070295,0.0090962,0
-0.0070236,0.009091,0
-0.0070176,0.0090859,0
-0.0070116,0.0090808,0
-0.0070057,0.0090756,0
-0.0069997,0.0090705,0
-0.0069937,0.0090654,0
-0.0069878,0.0090603,0
-0.0069818,0.0090552,0
-0.0069758,0.0090501,0
-0.0069698,0.009045,0
-0.0069638,0.0090399,0
-0.0069578,0.0090348,0
-0.0069518,0.0090298,0
-0.0069458,0.0090247,0
-0.0069398,0.0090196,0
-0.0069338,0.0090146,0
-0.0069278,0.0090095,0
-0.0069218,0.0090044,0
-0.0069157,0.0089994,0
-0.0069097,0.0089944,0
-0.0069037,0.0089893,0
-0.0068977,0.0089843,0
-0.0068916,0.0089792,0
-0.0068856,0.0089742,0
-0.0068795,0.0089692,0
-0.0068735,0.0089642,0
-0.0068674,0.0089592,0
-0.0068614,0.0089542,0
-0.0068553,0.0089492,0
-0.0068492,0.0089442,0
-0.0068432,0.0089392,0
-0.0068371,0.0089342,0
-0.006831,0.0089292,0
-0.0068249,0.0089242,0
-0.0068188,0.0089192,0
-0.0068127,0.0089143,0
-0.0068067,0.0089093,0
-0.0068006,0.0089043,0
-0.0067945,0.0088994,0
-0.0067883,0.0088944,0
-0.0067822,0.0088895,0
-0.0067761,0.0088846,0
-0.00677,0.0088796,0
-0.0067639,0.0088747,0
-0.0067578,0.0088698,0
-0.0067516,0.0088648,0
-0.0067455,0.0088599,0
-0.0067394,0.008855,0
-0.0067332,0.0088501,0
-0.0067271,0.0088452,0
-0.0067209,0.0088403,0
-0.0067148,0.0088354,0
-0.0067086,0.0088305,0
-0.0067025,0.0088256,0
-0.0066963,0.0088208,0
-0.0066901,0.0088159,0
-0.006684,0.008811,0
-0.0066778,0.0088062,0
-0.0066716,0.0088013,0
-0.0066654,0.0087965,0
-0.0066592,0.0087916,0
-0.006653,0.0087868,0
-0.0066468,0.0087819,0
-0.0066406,0.0087771,0
-0.0066344,0.0087723,0
-0.0066282,0.0087674,0
-0.006622,0.0087626,0
-0.0066158,0.0087578,0
-0.0066096,0.008753,0
-0.0066034,0.0087482,0
-0.0065972,0.0087434,0
-0.0065909,0.0087386,0
-0.0065847,0.0087338,0
-0.0065785,0.008729,0
-0.0065722,0.0087242,0
-0.006566,0.0087195,0
-0.0065597,0.0087147,0
-0.0065535,0.0087099,0
-0.0065472,0.0087052,0
-0.006541,0.0087004,0
-0.0065347,0.0086957,0
-0.0065284,0.0086909,0
-0.0065222,0.0086862,0
-0.0065159,0.0086814,0
-0.0065096,0.0086767,0
-0.0065033,0.008672,0
-0.0064971,0.0086673,0
-0.0064908,0.0086625,0
-0.0064845,0.0086578,0
-0.0064782,0.0086531,0
-0.0064719,0.0086484,0
-0.0064656,0.0086437,0
-0.0064593,0.008639,0
-0.006453,0.0086344,0
-0.0064466,0.0086297,0
-0.0064403,0.008625,0
-0.006434,0.0086203,0
-0.0064277,0.0086157,0
-0.0064213,0.008611,0
-0.006415,0.0086063,0
-0.0064087,0.0086017,0
-0.0064023,0.008597,0
-0.006396,0.0085924,0
-0.0063896,0.0085878,0
-0.0063833,0.0085831,0
-0.0063769,0.0085785,0
-0.0063706,0.0085739,0
-0.0063642,0.0085693,0
-0.0063579,0.0085647,0
-0.0063515,0.00856,0
-0.0063451,0.0085554,0
-0.0063387,0.0085508,0
-0.0063324,0.0085463,0
-0.006326,0.0085417,0
-0.0063196,0.0085371,0
-0.0063132,0.0085325,0
-0.0063068,0.0085279,0
-0.0063004,0.0085234,0
-0.006294,0.0085188,0
-0.0062876,0.0085143,0
-0.0062812,0.0085097,0
-0.0062748,0.0085052,0
-0.0062684,0.0085006,0
-0.0062619,0.0084961,0
-0.0062555,0.0084915,0
-0.0062491,0.008487,0
-0.0062427,0.0084825,0
-0.0062362,0.008478,0
-0.0062298,0.0084735,0
-0.0062234,0.008469,0
-0.0062169,0.0084645,0
-0.0062105,0.00846,0
-0.006204,0.0084555,0
-0.0061976,0.008451,0
-0.0061911,0.0084465,0
-0.0061846,0.008442,0
-0.0061782,0.0084376,0
-0.0061717,0.0084331,0
-0.0061652,0.0084286,0
-0.0061588,0.0084242,0
-0.0061523,0.0084197,0
-0.0061458,0.0084153,0
-0.0061393,0.0084109,0
-0.0061328,0.0084064,0
-0.0061263,0.008402,0
-0.0061198,0.0083976,0
-0.0061133,0.0083931,0
-0.0061068,0.0083887,0
-0.0061003,0.0083843,0
-0.0060938,0.0083799,0
-0.0060873,0.0083755,0
-0.0060808,0.0083711,0
-0.0060743,0.0083667,0
-0.0060677,0.0083624,0
-0.0060612,0.008358,0
-0.0060547,0.0083536,0
-0.0060481,0.0083492,0
-0.0060416,0.0083449,0
-0.0060351,0.0083405,0
-0.0060285,0.0083362,0
-0.006022,0.0083318,0
-0.0060154,0.0083275,0
-0.0060089,0.0083231,0
-0.0060023,0.0083188,0
-0.0059957,0.0083145,0
-0.0059892,0.0083101,0
-0.0059826,0.0083058,0
-0.005976,0.0083015,0
-0.0059695,0.0082972,0
-0.0059629,0.0082929,0
-0.0059563,0.0082886,0
-0.0059497,0.0082843,0
-0.0059431,0.00828,0
-0.0059365,0.0082758,0
-0.0059299,0.0082715,0
-0.0059233,0.0082672,0
-0.0059167,0.0082629,0
-0.0059101,0.0082587,0
-0.0059035,0.0082544,0
-0.0058969,0.0082502,0
-0.0058903,0.0082459,0
-0.0058837,0.0082417,0
-0.005877,0.0082375,0
-0.0058704,0.0082332,0
-0.0058638,0.008229,0
-0.0058572,0.0082248,0
-0.0058505,0.0082206,0
-0.0058439,0.0082164,0
-0.0058372,0.0082122,0
-0.0058306,0.008208,0
-0.0058239,0.0082038,0
-0.0058173,0.0081996,0
-0.0058106,0.0081954,0
-0.005804,0.0081912,0
-0.0057973,0.0081871,0
-0.0057906,0.0081829,0
-0.005784,0.0081787,0
-0.0057773,0.0081746,0
-0.0057706,0.0081704,0
-0.005764,0.0081663,0
-0.0057573,0.0081622,0
-0.0057506,0.008158,0
-0.0057439,0.0081539,0
-0.0057372,0.0081498,0
-0.0057305,0.0081456,0
-0.0057238,0.0081415,0
-0.0057171,0.0081374,0
-0.0057104,0.0081333,0
-0.0057037,0.0081292,0
-0.005697,0.0081251,0
-0.0056903,0.008121,0
-0.0056836,0.008117,0
-0.0056768,0.0081129,0
-0.0056701,0.0081088,0
-0.0056634,0.0081048,0
-0.0056567,0.0081007,0
-0.0056499,0.0080966,0
-0.0056432,0.0080926,0
-0.0056364,0.0080885,0
-0.0056297,0.0080845,0
-0.005623,0.0080805,0
-0.0056162,0.0080764,0
-0.0056095,0.0080724,0
-0.0056027,0.0080684,0
-0.0055959,0.0080644,0
-0.0055892,0.0080604,0
-0.0055824,0.0080564,0
-0.0055756,0.0080524,0
-0.0055689,0.0080484,0
-0.0055621,0.0080444,0
-0.0055553,0.0080404,0
-0.0055485,0.0080364,0
-0.0055418,0.0080325,0
-0.005535,0.0080285,0
-0.0055282,0.0080246,0
-0.0055214,0.0080206,0
-0.0055146,0.0080166,0
-0.0055078,0.0080127,0
-0.005501,0.0080088,0
-0.0054942,0.0080048,0
-0.0054874,0.0080009,0
-0.0054806,0.007997,0
-0.0054737,0.0079931,0
-0.0054669,0.0079892,0
-0.0054601,0.0079852,0
-0.0054533,0.0079813,0
-0.0054465,0.0079775,0
-0.0054396,0.0079736,0
-0.0054328,0.0079697,0
-0.005426,0.0079658,0
-0.0054191,0.0079619,0
-0.0054123,0.0079581,0
-0.0054054,0.0079542,0
-0.0053986,0.0079503,0
-0.0053917,0.0079465,0
-0.0053849,0.0079426,0
-0.005378,0.0079388,0
-0.0053712,0.007935,0
-0.0053643,0.0079311,0
-0.0053574,0.0079273,0
-0.0053506,0.0079235,0
-0.0053437,0.0079197,0
-0.0053368,0.0079159,0
-0.0053299,0.0079121,0
-0.005323,0.0079083,0
-0.0053162,0.0079045,0
-0.0053093,0.0079007,0
-0.0053024,0.0078969,0
-0.0052955,0.0078931,0
-0.0052886,0.0078893,0
-0.0052817,0.0078856,0
-0.0052748,0.0078818,0
-0.0052679,0.0078781,0
-0.005261,0.0078743,0
-0.0052541,0.0078706,0
-0.0052471,0.0078668,0
-0.0052402,0.0078631,0
-0.0052333,0.0078594,0
-0.0052264,0.0078557,0
-0.0052195,0.0078519,0
-0.0052125,0.0078482,0
-0.0052056,0.0078445,0
-0.0051987,0.0078408,0
-0.0051917,0.0078371,0
-0.0051848,0.0078334,0
-0.0051778,0.0078297,0
-0.0051709,0.0078261,0
-0.005164,0.0078224,0
-0.005157,0.0078187,0
-0.00515,0.0078151,0
-0.0051431,0.0078114,0
-0.0051361,0.0078078,0
-0.0051292,0.0078041,0
-0.0051222,0.0078005,0
-0.0051152,0.0077968,0
-0.0051083,0.0077932,0
-0.0051013,0.0077896,0
-0.0050943,0.007786,0
-0.0050873,0.0077824,0
-0.0050803,0.0077787,0
-0.0050734,0.0077751,0
-0.0050664,0.0077715,0
-0.0050594,0.007768,0
-0.0050524,0.0077644,0
-0.0050454,0.0077608,0
-0.0050384,0.0077572,0
-0.0050314,0.0077536,0
-0.0050244,0.0077501,0
-0.0050174,0.0077465,0
-0.0050103,0.007743,0
-0.0050033,0.0077394,0
-0.0049963,0.0077359,0
-0.0049893,0.0077323,0
-0.0049823,0.0077288,0
-0.0049752,0.0077253,0
-0.0049682,0.0077218,0
-0.0049612,0.0077183,0
-0.0049542,0.0077147,0
-0.0049471,0.0077112,0
-0.0049401,0.0077077,0
-0.004933,0.0077043,0
-0.004926,0.0077008,0
-0.0049189,0.0076973,0
-0.0049119,0.0076938,0
-0.0049048,0.0076903,0
-0.0048978,0.0076869,0
-0.0048907,0.0076834,0
-0.0048837,0.00768,0
-0.0048766,0.0076765,0
-0.0048695,0.0076731,0
-0.0048625,0.0076696,0
-0.0048554,0.0076662,0
-0.0048483,0.0076628,0
-0.0048412,0.0076594,0
-0.0048342,0.007656,0
-0.0048271,0.0076525,0
-0.00482,0.0076491,0
-0.0048129,0.0076457,0
-0.0048058,0.0076424,0
-0.0047987,0.007639,0
-0.0047916,0.0076356,0
-0.0047845,0.0076322,0
-0.0047774,0.0076288,0
-0.0047703,0.0076255,0
-0.0047632,0.0076221,0
-0.0047561,0.0076188,0
-0.004749,0.0076154,0
-0.0047419,0.0076121,0
-0.0047348,0.0076087,0
-0.0047276,0.0076054,0
-0.0047205,0.0076021,0
-0.0047134,0.0075988,0
-0.0047063,0.0075955,0
-0.0046991,0.0075921,0
-0.004692,0.0075888,0
-0.0046849,0.0075855,0
-0.0046777,0.0075823,0
-0.0046706,0.007579,0
-0.0046634,0.0075757,0
-0.0046563,0.0075724,0
-0.0046491,0.0075692,0
-0.004642,0.0075659,0
-0.0046348,0.0075626,0
-0.0046277,0.0075594,0
-0.0046205,0.0075561,0
-0.0046134,0.0075529,0
-0.0046062,0.0075497,0
-0.004599,0.0075464,0
-0.0045919,0.0075432,0
-0.0045847,0.00754,0
-0.0045775,0.0075368,0
-0.0045703,0.0075336,0
-0.0045632,0.0075304,0
-0.004556,0.0075272,0
-0.0045488,0.007524,0
-0.0045416,0.0075208,0
-0.0045344,0.0075176,0
-0.0045272,0.0075144,0
-0.00452,0.0075113,0
-0.0045128,0.0075081,0
-0.0045056,0.007505,0
-0.0044984,0.0075018,0
-0.0044912,0.0074987,0
-0.004484,0.0074955,0
-0.0044768,0.0074924,0
-0.0044696,0.0074893,0
-0.0044624,0.0074861,0
-0.0044552,0.007483,0
-0.004448,0.0074799,0
-0.0044407,0.0074768,0
-0.0044335,0.0074737,0
-0.0044263,0.0074706,0
-0.0044191,0.0074675,0
-0.0044118,0.0074645,0
-0.0044046,0.0074614,0
-0.0043974,0.0074583,0
-0.0043901,0.0074552,0
-0.0043829,0.0074522,0
-0.0043756,0.0074491,0
-0.0043684,0.0074461,0
-0.0043611,0.007443,0
-0.0043539,0.00744,0
-0.0043466,0.007437,0
-0.0043394,0.0074339,0
-0.0043321,0.0074309,0
-0.0043249,0.0074279,0
-0.0043176,0.0074249,0
-0.0043103,0.0074219,0
-0.0043031,0.0074189,0
-0.0042958,0.0074159,0
-0.0042885,0.0074129,0
-0.0042813,0.0074099,0
-0.004274,0.007407,0
-0.0042667,0.007404,0
-0.0042594,0.007401,0
-0.0042521,0.0073981,0
-0.0042449,0.0073951,0
-0.0042376,0.0073922,0
-0.0042303,0.0073893,0
-0.004223,0.0073863,0
-0.0042157,0.0073834,0
-0.0042084,0.0073805,0
-0.0042011,0.0073776,0
-0.0041938,0.0073746,0
-0.0041865,0.0073717,0
-0.0041792,0.0073688,0
-0.0041719,0.0073659,0
-0.0041646,0.0073631,0
-0.0041573,0.0073602,0
-0.0041499,0.0073573,0
-0.0041426,0.0073544,0
-0.0041353,0.0073516,0
-0.004128,0.0073487,0
-0.0041207,0.0073459,0
-0.0041133,0.007343,0
-0.004106,0.0073402,0
-0.0040987,0.0073373,0
-0.0040913,0.0073345,0
-0.004084,0.0073317,0
-0.0040767,0.0073289,0
-0.0040693,0.007326,0
-0.004062,0.0073232,0
-0.0040546,0.0073204,0
-0.0040473,0.0073176,0
-0.0040399,0.0073148,0
-0.0040326,0.0073121,0
-0.0040252,0.0073093,0
-0.0040179,0.0073065,0
-0.0040105,0.0073037,0
-0.0040032,0.007301,0
-0.0039958,0.0072982,0
-0.0039884,0.0072955,0
-0.0039811,0.0072927,0
-0.0039737,0.00729,0
-0.0039663,0.0072873,0
-0.003959,0.0072845,0
-0.0039516,0.0072818,0
-0.0039442,0.0072791,0
-0.0039368,0.0072764,0
-0.0039295,0.0072737,0
-0.0039221,0.007271,0
-0.0039147,0.0072683,0
-0.0039073,0.0072656,0
-0.0038999,0.0072629,0
-0.0038925,0.0072603,0
-0.0038851,0.0072576,0
-0.0038777,0.0072549,0
-0.0038703,0.0072523,0
-0.0038629,0.0072496,0
-0.0038555,0.007247,0
-0.0038481,0.0072443,0
-0.0038407,0.0072417,0
-0.0038333,0.0072391,0
-0.0038259,0.0072365,0
-0.0038185,0.0072338,0
-0.0038111,0.0072312,0
-0.0038037,0.0072286,0
-0.0037962,0.007226,0
-0.0037888,0.0072234,0
-0.0037814,0.0072209,0
-0.003774,0.0072183,0
-0.0037665,0.0072157,0
-0.0037591,0.0072131,0
-0.0037517,0.0072106,0
-0.0037443,0.007208,0
-0.0037368,0.0072055,0
-0.0037294,0.0072029,0
-0.0037219,0.0072004,0
-0.0037145,0.0071978,0
-0.0037071,0.0071953,0
-0.0036996,0.0071928,0
-0.0036922,0.0071903,0
-0.0036847,0.0071878,0
-0.0036773,0.0071853,0
-0.0036698,0.0071828,0
-0.0036624,0.0071803,0
-0.0036549,0.0071778,0
-0.0036475,0.0071753,0
-0.00364,0.0071728,0
-0.0036325,0.0071704,0
-0.0036251,0.0071679,0
-0.0036176,0.0071654,0
-0.0036101,0.007163,0
-0.0036027,0.0071605,0
-0.0035952,0.0071581,0
-0.0035877,0.0071557,0
-0.0035802,0.0071532,0
-0.0035728,0.0071508,0
-0.0035653,0.0071484,0
-0.0035578,0.007146,0
-0.0035503,0.0071436,0
-0.0035428,0.0071412,0
-0.0035353,0.0071388,0
-0.0035279,0.0071364,0
-0.0035204,0.007134,0
-0.0035129,0.0071316,0
-0.0035054,0.0071293,0
-0.0034979,0.0071269,0
-0.0034904,0.0071246,0
-0.0034829,0.0071222,0
-0.0034754,0.0071199,0
-0.0034679,0.0071175,0
-0.0034604,0.0071152,0
-0.0034529,0.0071129,0
-0.0034454,0.0071105,0
-0.0034378,0.0071082,0
-0.0034303,0.0071059,0
-0.0034228,0.0071036,0
-0.0034153,0.0071013,0
-0.0034078,0.007099,0
-0.0034003,0.0070967,0
-0.0033927,0.0070944,0
-0.0033852,0.0070922,0
-0.0033777,0.0070899,0
-0.0033702,0.0070876,0
-0.0033626,0.0070854,0
-0.0033551,0.0070831,0
-0.0033476,0.0070809,0
-0.00334,0.0070786,0
-0.0033325,0.0070764,0
-0.003325,0.0070742,0
-0.0033174,0.007072,0
-0.0033099,0.0070697,0
-0.0033023,0.0070675,0
-0.0032948,0.0070653,0
-0.0032872,0.0070631,0
-0.0032797,0.0070609,0
-0.0032721,0.0070587,0
-0.0032646,0.0070566,0
-0.003257,0.0070544,0
-0.0032495,0.0070522,0
-0.0032419,0.0070501,0
-0.0032344,0.0070479,0
-0.0032268,0.0070458,0
-0.0032192,0.0070436,0
-0.0032117,0.0070415,0
-0.0032041,0.0070393,0
-0.0031965,0.0070372,0
-0.003189,0.0070351,0
-0.0031814,0.007033,0
-0.0031738,0.0070309,0
-0.0031663,0.0070288,0
-0.0031587,0.0070267,0
-0.0031511,0.0070246,0
-0.0031435,0.0070225,0
-0.003136,0.0070204,0
-0.0031284,0.0070183,0
-0.0031208,0.0070163,0
-0.0031132,0.0070142,0
-0.0031056,0.0070122,0
-0.003098,0.0070101,0
-0.0030904,0.0070081,0
-0.0030828,0.007006,0
-0.0030753,0.007004,0
-0.0030677,0.007002,0
-0.0030601,0.0069999,0
-0.0030525,0.0069979,0
-0.0030449,0.0069959,0
-0.0030373,0.0069939,0
-0.0030297,0.0069919,0
-0.0030221,0.0069899,0
-0.0030144,0.006988,0
-0.0030068,0.006986,0
-0.0029992,0.006984,0
-0.0029916,0.006982,0
-0.002984,0.0069801,0
-0.0029764,0.0069781,0
-0.0029688,0.0069762,0
-0.0029612,0.0069742,0
-0.0029535,0.0069723,0
-0.0029459,0.0069704,0
-0.0029383,0.0069685,0
-0.0029307,0.0069665,0
-0.0029231,0.0069646,0
-0.0029154,0.0069627,0
-0.0029078,0.0069608,0
-0.0029002,0.0069589,0
-0.0028925,0.006957,0
-0.0028849,0.0069552,0
-0.0028773,0.0069533,0
-0.0028696,0.0069514,0
-0.002862,0.0069495,0
-0.0028544,0.0069477,0
-0.0028467,0.0069458,0
-0.0028391,0.006944,0
-0.0028315,0.0069421,0
-0.0028238,0.0069403,0
-0.0028162,0.0069385,0
-0.0028085,0.0069367,0
-0.0028009,0.0069348,0
-0.0027932,0.006933,0
-0.0027856,0.0069312,0
-0.0027779,0.0069294,0
-0.0027703,0.0069276,0
-0.0027626,0.0069259,0
-0.002755,0.0069241,0
-0.0027473,0.0069223,0
-0.0027396,0.0069205,0
-0.002732,0.0069188,0
-0.0027243,0.006917,0
-0.0027167,0.0069153,0
-0.002709,0.0069135,0
-0.0027013,0.0069118,0
-0.0026937,0.0069101,0
-0.002686,0.0069083,0
-0.0026783,0.0069066,0
-0.0026706,0.0069049,0
-0.002663,0.0069032,0
-0.0026553,0.0069015,0
-0.0026476,0.0068998,0
-0.0026399,0.0068981,0
-0.0026323,0.0068964,0
-0.0026246,0.0068948,0
-0.0026169,0.0068931,0
-0.0026092,0.0068914,0
-0.0026015,0.0068898,0
-0.0025939,0.0068881,0
-0.0025862,0.0068865,0
-0.0025785,0.0068848,0
-0.0025708,0.0068832,0
-0.0025631,0.0068816,0
-0.0025554,0.0068799,0
-0.0025477,0.0068783,0
-0.00254,0.0068767,0
-0.0025323,0.0068751,0
-0.0025246,0.0068735,0
-0.0025169,0.0068719,0
-0.0025092,0.0068703,0
-0.0025015,0.0068687,0
-0.0024938,0.0068672,0
-0.0024861,0.0068656,0
-0.0024784,0.006864,0
-0.0024707,0.0068625,0
-0.002463,0.0068609,0
-0.0024553,0.0068594,0
-0.0024476,0.0068578,0
-0.0024399,0.0068563,0
-0.0024322,0.0068548,0
-0.0024245,0.0068533,0
-0.0024168,0.0068518,0
-0.0024091,0.0068502,0
-0.0024013,0.0068487,0
-0.0023936,0.0068472,0
-0.0023859,0.0068458,0
-0.0023782,0.0068443,0
-0.0023705,0.0068428,0
-0.0023627,0.0068413,0
-0.002355,0.0068399,0
-0.0023473,0.0068384,0
-0.0023396,0.0068369,0
-0.0023318,0.0068355,0
-0.0023241,0.0068341,0
-0.0023164,0.0068326,0
-0.0023087,0.0068312,0
-0.0023009,0.0068298,0
-0.0022932,0.0068284,0
-0.0022855,0.0068269,0
-0.0022777,0.0068255,0
-0.00227,0.0068241,0
-0.0022623,0.0068228,0
-0.0022545,0.0068214,0
-0.0022468,0.00682,0
-0.002239,0.0068186,0
-0.0022313,0.0068172,0
-0.0022236,0.0068159,0
-0.0022158,0.0068145,0
-0.0022081,0.0068132,0
-0.0022003,0.0068118,0
-0.0021926,0.0068105,0
-0.0021848,0.0068092,0
-0.0021771,0.0068078,0
-0.0021693,0.0068065,0
-0.0021616,0.0068052,0
-0.0021538,0.0068039,0
-0.0021461,0.0068026,0
-0.0021383,0.0068013,0
-0.0021306,0.0068,0
-0.0021228,0.0067987,0
-0.0021151,0.0067975,0
-0.0021073,0.0067962,0
-0.0020996,0.0067949,0
-0.0020918,0.0067937,0
-0.002084,0.0067924,0
-0.0020763,0.0067912,0
-0.0020685,0.0067899,0
-0.0020608,0.0067887,0
-0.002053,0.0067875,0
-0.0020452,0.0067862,0
-0.0020375,0.006785,0
-0.0020297,0.0067838,0
-0.0020219,0.0067826,0
-0.0020142,0.0067814,0
-0.0020064,0.0067802,0
-0.0019986,0.006779,0
-0.0019908,0.0067779,0
-0.0019831,0.0067767,0
-0.0019753,0.0067755,0
-0.0019675,0.0067744,0
-0.0019598,0.0067732,0
-0.001952,0.0067721,0
-0.0019442,0.0067709,0
-0.0019364,0.0067698,0
-0.0019286,0.0067686,0
-0.0019209,0.0067675,0
-0.0019131,0.0067664,0
-0.0019053,0.0067653,0
-0.0018975,0.0067642,0
-0.0018897,0.0067631,0
-0.001882,0.006762,0
-0.0018742,0.0067609,0
-0.0018664,0.0067598,0
-0.0018586,0.0067588,0
-0.0018508,0.0067577,0
-0.001843,0.0067566,0
-0.0018352,0.0067556,0
-0.0018274,0.0067545,0
-0.0018196,0.0067535,0
-0.0018119,0.0067524,0
-0.0018041,0.0067514,0
-0.0017963,0.0067504,0
-0.0017885,0.0067494,0
-0.0017807,0.0067483,0
-0.0017729,0.0067473,0
-0.0017651,0.0067463,0
-0.0017573,0.0067453,0
-0.0017495,0.0067443,0
-0.0017417,0.0067434,0
-0.0017339,0.0067424,0
-0.0017261,0.0067414,0
-0.0017183,0.0067405,0
-0.0017105,0.0067395,0
-0.0017027,0.0067385,0
-0.0016949,0.0067376,0
-0.0016871,0.0067367,0
-0.0016793,0.0067357,0
-0.0016715,0.0067348,0
-0.0016637,0.0067339,0
-0.0016559,0.006733,0
-0.0016481,0.006732,0
-0.0016402,0.0067311,0
-0.0016324,0.0067302,0
-0.0016246,0.0067294,0
-0.0016168,0.0067285,0
-0.001609,0.0067276,0
-0.0016012,0.0067267,0
-0.0015934,0.0067259,0
-0.0015856,0.006725,0
-0.0015778,0.0067241,0
-0.0015699,0.0067233,0
-0.0015621,0.0067224,0
-0.0015543,0.0067216,0
-0.0015465,0.0067208,0
-0.0015387,0.00672,0
-0.0015309,0.0067191,0
-0.001523,0.0067183,0
-0.0015152,0.0067175,0
-0.0015074,0.0067167,0
-0.0014996,0.0067159,0
-0.0014918,0.0067151,0
-0.0014839,0.0067144,0
-0.0014761,0.0067136,0
-0.0014683,0.0067128,0
-0.0014605,0.0067121,0
-0.0014527,0.0067113,0
-0.0014448,0.0067106,0
-0.001437,0.0067098,0
-0.0014292,0.0067091,0
-0.0014213,0.0067083,0
-0.0014135,0.0067076,0
-0.0014057,0.0067069,0
-0.0013979,0.0067062,0
-0.00139,0.0067055,0
-0.0013822,0.0067048,0
-0.0013744,0.0067041,0
-0.0013666,0.0067034,0
-0.0013587,0.0067027,0
-0.0013509,0.006702,0
-0.0013431,0.0067014,0
-0.0013352,0.0067007,0
-0.0013274,0.0067,0
-0.0013196,0.0066994,0
-0.0013117,0.0066988,0
-0.0013039,0.0066981,0
-0.0012961,0.0066975,0
-0.0012882,0.0066969,0
-0.0012804,0.0066962,0
-0.0012725,0.0066956,0
-0.0012647,0.006695,0
-0.0012569,0.0066944,0
-0.001249,0.0066938,0
-0.0012412,0.0066932,0
-0.0012334,0.0066926,0
-0.0012255,0.0066921,0
-0.0012177,0.0066915,0
-0.0012098,0.0066909,0
-0.001202,0.0066904,0
-0.0011942,0.0066898,0
-0.0011863,0.0066893,0
-0.0011785,0.0066887,0
-0.0011706,0.0066882,0
-0.0011628,0.0066877,0
-0.0011549,0.0066871,0
-0.0011471,0.0066866,0
-0.0011393,0.0066861,0
-0.0011314,0.0066856,0
-0.0011236,0.0066851,0
-0.0011157,0.0066846,0
-0.0011079,0.0066841,0
-0.0011,0.0066837,0
-0.0010922,0.0066832,0
-0.0010843,0.0066827,0
-0.0010765,0.0066823,0
-0.0010687,0.0066818,0
-0.0010608,0.0066814,0
-0.001053,0.0066809,0
-0.0010451,0.0066805,0
-0.0010373,0.0066801,0
-0.0010294,0.0066796,0
-0.0010216,0.0066792,0
-0.0010137,0.0066788,0
-0.0010059,0.0066784,0
-0.00099801,0.006678,0
-0.00099016,0.0066776,0
-0.00098231,0.0066772,0
-0.00097446,0.0066768,0
-0.00096661,0.0066765,0
-0.00095876,0.0066761,0
-0.0009509,0.0066757,0
-0.00094305,0.0066754,0
-0.0009352,0.006675,0
-0.00092735,0.0066747,0
-0.00091949,0.0066744,0
-0.00091164,0.006674,0
-0.00090379,0.0066737,0
-0.00089593,0.0066734,0
-0.00088808,0.0066731,0
-0.00088022,0.0066728,0
-0.00087237,0.0066725,0
-0.00086451,0.0066722,0
-0.00085666,0.0066719,0
-0.0008488,0.0066716,0
-0.00084095,0.0066713,0
-0.00083309,0.0066711,0
-0.00082524,0.0066708,0
-0.00081738,0.0066705,0
-0.00080952,0.0066703,0
-0.00080167,0.0066701,0
-0.00079381,0.0066698,0
-0.00078595,0.0066696,0
-0.0007781,0.0066694,0
-0.00077024,0.0066691,0
-0.00076238,0.0066689,0
-0.00075453,0.0066687,0
-0.00074667,0.0066685,0
-0.00073881,0.0066683,0
-0.00073095,0.0066681,0
-0.00072309,0.006668,0
-0.00071524,0.0066678,0
-0.00070738,0.0066676,0
-0.00069952,0.0066674,0
-0.00069166,0.0066673,0
-0.0006838,0.0066671,0
-0.00067594,0.006667,0
-0.00066808,0.0066668,0
-0.00066022,0.0066667,0
-0.00065236,0.0066666,0
-0.0006445,0.0066665,0
-0.00063665,0.0066664,0
-0.00062879,0.0066662,0
-0.00062093,0.0066661,0
-0.00061307,0.006666,0
-0.00060521,0.006666,0
-0.00059735,0.0066659,0
-0.00058949,0.0066658,0
-0.00058163,0.0066657,0
-0.00057377,0.0066657,0
-0.00056591,0.0066656,0
-0.00055805,0.0066655,0
-0.00055019,0.0066655,0
-0.00054233,0.0066655,0
-0.00053447,0.0066654,0
-0.00052661,0.0066654,0
-0.00051875,0.0066654,0
-0.00051089,0.0066654,0
-0.00050303,0.0066654,0
0.00049516,0.0066654,0
0.00049616,0.0066654,0
0.00049716,0.0066654,0
0.00049816,0.0066654,0
0.00049916,0.0066654,0
0.00050016,0.0066654,0
0.00050116,0.0066654,0
0.00050216,0.0066654,0
0.00050316,0.0066654,0
0.00050416,0.0066654,0
0.00050516,0.0066654,0
0.00050616,0.0066654,0
0.00050716,0.0066654,0
0.00050816,0.0066654,0
0.00050916,0.0066654,0
0.00051016,0.0066654,0
0.00051116,0.0066654,0
0.00051216,0.0066654,0
0.00051316,0.0066654,0
0.00051416,0.0066654,0
0.00051516,0.0066654,0
0.00051616,0.0066654,0
0.00051715,0.0066654,0
0.00051815,0.0066655,0
0.00051915,0.0066655,0
0.00052015,0.0066655,0
0.00052115,0.0066655,0
0.00052215,0.0066655,0
0.00052315,0.0066655,0
0.00052415,0.0066655,0
0.00052515,0.0066655,0
0.00052615,0.0066655,0
0.00052715,0.0066656,0
0.00052815,0.0066656,0
0.00052915,0.0066656,0
0.00053015,0.0066656,0
0.00053115,0.0066656,0
0.00053215,0.0066656,0
0.00053315,0.0066656,0
0.00053415,0.0066657,0
0.00053515,0.0066657,0
0.00053615,0.0066657,0
0.00053714,0.0066657,0
0.00053814,0.0066657,0
0.00053914,0.0066657,0
0.00054014,0.0066657,0
0.00054114,0.0066658,0
0.00054214,0.0066658,0
0.00054314,0.0066658,0
0.00054414,0.0066658,0
0.00054514,0.0066658,0
0.00054614,0.0066659,0
0.00054714,0.0066659,0
0.00054814,0.0066659,0
0.00054914,0.0066659,0
0.00055014,0.0066659,0
0.00055114,0.006666,0
0.00055214,0.006666,0
0.00055313,0.006666,0
0.00055413,0.006666,0
0.00055513,0.0066661,0
0.00055613,0.0066661,0
0.00055713,0.0066661,0
0.00055813,0.0066661,0
0.00055913,0.0066662,0
0.00056013,0.0066662,0
0.00056113,0.0066662,0
0.00056213,0.0066662,0
0.00056313,0.0066663,0
0.00056413,0.0066663,0
0.00056513,0.0066663,0
0.00056612,0.0066663,0
0.00056712,0.0066664,0
0.00056812,0.0066664,0
0.00056912,0.0066664,0
0.00057012,0.0066665,0
0.00057112,0.0066665,0
0.00057212,0.0066665,0
0.00057312,0.0066665,0
0.00057412,0.0066666,0
0.00057512,0.0066666,0
0.00057612,0.0066666,0
0.00057711,0.0066667,0
0.00057811,0.0066667,0
0.00057911,0.0066667,0
0.00058011,0.0066668,0
0.00058111,0.0066668,0
0.00058211,0.0066668,0
0.00058311,0.0066669,0
0.00058411,0.0066669,0
0.00058511,0.0066669,0
0.00058611,0.006667,0
0.0005871,0.006667,0
0.0005881,0.006667,0
0.0005891,0.0066671,0
0.0005901,0.0066671,0
0.0005911,0.0066672,0
0.0005921,0.0066672,0
0.0005931,0.0066672,0
0.0005941,0.0066673,0
0.0005951,0.0066673,0
0.00059609,0.0066674,0
0.00059709,0.0066674,0
0.00059809,0.0066674,0
0.00059909,0.0066675,0
0.00060009,0.0066675,0
0.00060109,0.0066676,0
0.00060209,0.0066676,0
0.00060309,0.0066676,0
0.00060408,0.0066677,0
0.00060508,0.0066677,0
0.00060608,0.0066678,0
0.00060708,0.0066678,0
0.00060808,0.0066679,0
0.00060908,0.0066679,0
0.00061008,0.0066679,0
0.00061107,0.006668,0
0.00061207,0.006668,0
0.00061307,0.0066681,0
0.00061407,0.0066681,0
0.00061507,0.0066682,0
0.00061607,0.0066682,0
0.00061706,0.0066683,0
0.00061806,0.0066683,0
0.00061906,0.0066684,0
0.00062006,0.0066684,0
0.00062106,0.0066685,0
0.00062206,0.0066685,0
0.00062306,0.0066686,0
0.00062405,0.0066686,0
0.00062505,0.0066687,0
0.00062605,0.0066687,0
0.00062705,0.0066688,0
0.00062805,0.0066688,0
0.00062904,0.0066689,0
0.00063004,0.0066689,0
0.00063104,0.006669,0
0.00063204,0.006669,0
0.00063304,0.0066691,0
0.00063404,0.0066691,0
0.00063503,0.0066692,0
0.00063603,0.0066693,0
0.00063703,0.0066693,0
0.00063803,0.0066694,0
0.00063903,0.0066694,0
0.00064002,0.0066695,0
0.00064102,0.0066695,0
0.00064202,0.0066696,0
0.00064302,0.0066696,0
0.00064401,0.0066697,0
0.00064501,0.0066698,0
0.00064601,0.0066698,0
0.00064701,0.0066699,0
0.00064801,0.0066699,0
0.000649,0.00667,0
0.00065,0.0066701,0
0.000651,0.0066701,0
0.000652,0.0066702,0
0.00065299,0.0066702,0
0.00065399,0.0066703,0
0.00065499,0.0066704,0
0.00065599,0.0066704,0
0.00065699,0.0066705,0
0.00065798,0.0066706,0
0.00065898,0.0066706,0
0.00065998,0.0066707,0
0.00066097,0.0066708,0
0.00066197,0.0066708,0
0.00066297,0.0066709,0
0.00066397,0.006671,0
0.00066496,0.006671,0
0.00066596,0.0066711,0
0.00066696,0.0066712,0
0.00066796,0.0066712,0
0.00066895,0.0066713,0
0.00066995,0.0066714,0
0.00067095,0.0066714,0
0.00067195,0.0066715,0
0.00067294,0.0066716,0
0.00067394,0.0066716,0
0.00067494,0.0066717,0
0.00067593,0.0066718,0
0.00067693,0.0066718,0
0.00067793,0.0066719,0
0.00067892,0.006672,0
0.00067992,0.0066721,0
0.00068092,0.0066721,0
0.00068192,0.0066722,0
0.00068291,0.0066723,0
0.00068391,0.0066724,0
0.00068491,0.0066724,0
0.0006859,0.0066725,0
0.0006869,0.0066726,0
0.0006879,0.0066727,0
0.00068889,0.0066727,0
0.00068989,0.0066728,0
0.00069089,0.0066729,0
0.00069188,0.006673,0
0.00069288,0.006673,0
0.00069388,0.0066731,0
0.00069487,0.0066732,0
0.00069587,0.0066733,0
0.00069687,0.0066734,0
0.00069786,0.0066734,0
0.00069886,0.0066735,0
0.00069985,0.0066736,0
0.00070085,0.0066737,0
0.00070185,0.0066738,0
0.00070284,0.0066738,0
0.00070384,0.0066739,0
0.00070484,0.006674,0
0.00070583,0.0066741,0
0.00070683,0.0066742,0
0.00070782,0.0066742,0
0.00070882,0.0066743,0
0.00070982,0.0066744,0
0.00071081,0.0066745,0
0.00071181,0.0066746,0
0.0007128,0.0066747,0
0.0007138,0.0066748,0
0.0007148,0.0066748,0
0.00071579,0.0066749,0
0.00071679,0.006675,0
0.00071778,0.0066751,0
0.00071878,0.0066752,0
0.00071977,0.0066753,0
0.00072077,0.0066754,0
0.00072177,0.0066755,0
0.00072276,0.0066755,0
0.00072376,0.0066756,0
0.00072475,0.0066757,0
0.00072575,0.0066758,0
0.00072674,0.0066759,0
0.00072774,0.006676,0
0.00072873,0.0066761,0
0.00072973,0.0066762,0
0.00073072,0.0066763,0
0.00073172,0.0066764,0
0.00073271,0.0066765,0
0.00073371,0.0066766,0
0.00073471,0.0066766,0
0.0007357,0.0066767,0
0.0007367,0.0066768,0
0.00073769,0.0066769,0
0.00073869,0.006677,0
0.00073968,0.0066771,0
0.00074068,0.0066772,0
0.00074167,0.0066773,0
0.00074267,0.0066774,0
0.00074366,0.0066775,0
0.00074465,0.0066776,0
0.00074565,0.0066777,0
0.00074664,0.0066778,0
0.00074764,0.0066779,0
0.00074863,0.006678,0
0.00074963,0.0066781,0
0.00075062,0.0066782,0
0.00075162,0.0066783,0
0.00075261,0.0066784,0
0.00075361,0.0066785,0
0.0007546,0.0066786,0
0.00075559,0.0066787,0
0.00075659,0.0066788,0
0.00075758,0.0066789,0
0.00075858,0.006679,0
0.00075957,0.0066791,0
0.00076057,0.0066792,0
0.00076156,0.0066793,0
0.00076255,0.0066794,0
0.00076355,0.0066795,0
0.00076454,0.0066796,0
0.00076554,0.0066797,0
0.00076653,0.0066799,0
0.00076752,0.00668,0
0.00076852,0.0066801,0
0.00076951,0.0066802,0
0.0007705,0.0066803,0
0.0007715,0.0066804,0
0.00077249,0.0066805,0
0.00077349,0.0066806,0
0.00077448,0.0066807,0
0.00077547,0.0066808,0
0.00077647,0.0066809,0
0.00077746,0.006681,0
0.00077845,0.0066812,0
0.00077945,0.0066813,0
0.00078044,0.0066814,0
0.00078143,0.0066815,0
0.00078243,0.0066816,0
0.00078342,0.0066817,0
0.00078441,0.0066818,0
0.00078541,0.0066819,0
0.0007864,0.0066821,0
0.00078739,0.0066822,0
0.00078838,0.0066823,0
0.00078938,0.0066824,0
0.00079037,0.0066825,0
0.00079136,0.0066826,0
0.00079236,0.0066828,0
0.00079335,0.0066829,0
0.00079434,0.006683,0
0.00079533,0.0066831,0
0.00079633,0.0066832,0
0.00079732,0.0066833,0
0.00079831,0.0066835,0
0.0007993,0.0066836,0
0.0008003,0.0066837,0
0.00080129,0.0066838,0
0.00080228,0.0066839,0
0.00080327,0.0066841,0
0.00080427,0.0066842,0
0.00080526,0.0066843,0
0.00080625,0.0066844,0
0.00080724,0.0066845,0
0.00080823,0.0066847,0
0.00080923,0.0066848,0
0.00081022,0.0066849,0
0.00081121,0.006685,0
0.0008122,0.0066852,0
0.00081319,0.0066853,0
0.00081418,0.0066854,0
0.00081518,0.0066855,0
0.00081617,0.0066857,0
0.00081716,0.0066858,0
0.00081815,0.0066859,0
0.00081914,0.006686,0
0.00082013,0.0066862,0
0.00082113,0.0066863,0
0.00082212,0.0066864,0
0.00082311,0.0066866,0
0.0008241,0.0066867,0
0.00082509,0.0066868,0
0.00082608,0.0066869,0
0.00082707,0.0066871,0
0.00082806,0.0066872,0
0.00082905,0.0066873,0
0.00083005,0.0066875,0
0.00083104,0.0066876,0
0.00083203,0.0066877,0
0.00083302,0.0066879,0
0.00083401,0.006688,0
0.000835,0.0066881,0
0.00083599,0.0066883,0
0.00083698,0.0066884,0
0.00083797,0.0066885,0
0.00083896,0.0066887,0
0.00083995,0.0066888,0
0.00084094,0.0066889,0
0.00084193,0.0066891,0
0.00084292,0.0066892,0
0.00084391,0.0066893,0
0.0008449,0.0066895,0
0.00084589,0.0066896,0
0.00084688,0.0066898,0
0.00084787,0.0066899,0
0.00084886,0.00669,0
0.00084985,0.0066902,0
0.00085084,0.0066903,0
0.00085183,0.0066905,0
0.00085282,0.0066906,0
0.00085381,0.0066907,0
0.0008548,0.0066909,0
0.00085579,0.006691,0
0.00085678,0.0066912,0
0.00085777,0.0066913,0
0.00085876,0.0066914,0
0.00085975,0.0066916,0
0.00086074,0.0066917,0
0.00086173,0.0066919,0
0.00086272,0.006692,0
0.0008637,0.0066922,0
0.00086469,0.0066923,0
0.00086568,0.0066925,0
0.00086667,0.0066926,0
0.00086766,0.0066927,0
0.00086865,0.0066929,0
0.00086964,0.006693,0
0.00087063,0.0066932,0
0.00087161,0.0066933,0
0.0008726,0.0066935,0
0.00087359,0.0066936,0
0.00087458,0.0066938,0
0.00087557,0.0066939,0
0.00087656,0.0066941,0
0.00087755,0.0066942,0
0.00087853,0.0066944,0
0.00087952,0.0066945,0
0.00088051,0.0066947,0
0.0008815,0.0066948,0
0.00088249,0.006695,0
0.00088347,0.0066951,0
0.00088446,0.0066953,0
0.00088545,0.0066954,0
0.00088644,0.0066956,0
0.00088742,0.0066957,0
0.00088841,0.0066959,0
0.0008894,0.0066961,0
0.00089039,0.0066962,0
0.00089137,0.0066964,0
0.00089236,0.0066965,0
0.00089335,0.0066967,0
0.00089434,0.0066968,0
0.00089532,0.006697,0
0.00089631,0.0066972,0
0.0008973,0.0066973,0
0.00089828,0.0066975,0
0.00089927,0.0066976,0
0.00090026,0.0066978,0
0.00090125,0.0066979,0
0.00090223,0.0066981,0
0.00090322,0.0066983,0
0.00090421,0.0066984,0
0.00090519,0.0066986,0
0.00090618,0.0066987,0
0.00090716,0.0066989,0
0.00090815,0.0066991,0
0.00090914,0.0066992,0
0.00091012,0.0066994,0
0.00091111,0.0066996,0
0.0009121,0.0066997,0
0.00091308,0.0066999,0
0.00091407,0.0067,0
0.00091505,0.0067002,0
0.00091604,0.0067004,0
0.00091703,0.0067005,0
0.00091801,0.0067007,0
0.000919,0.0067009,0
0.00091998,0.006701,0
0.00092097,0.0067012,0
0.00092195,0.0067014,0
0.00092294,0.0067015,0
0.00092392,0.0067017,0
0.00092491,0.0067019,0
0.00092589,0.006702,0
0.00092688,0.0067022,0
0.00092786,0.0067024,0
0.00092885,0.0067026,0
0.00092983,0.0067027,0
0.00093082,0.0067029,0
0.0009318,0.0067031,0
0.00093279,0.0067032,0
0.00093377,0.0067034,0
0.00093476,0.0067036,0
0.00093574,0.0067038,0
0.00093673,0.0067039,0
0.00093771,0.0067041,0
0.0009387,0.0067043,0
0.00093968,0.0067045,0
0.00094066,0.0067046,0
0.00094165,0.0067048,0
0.00094263,0.006705,0
0.00094362,0.0067052,0
0.0009446,0.0067053,0
0.00094558,0.0067055,0
0.00094657,0.0067057,0
0.00094755,0.0067059,0
0.00094854,0.006706,0
0.00094952,0.0067062,0
0.0009505,0.0067064,0
0.00095149,0.0067066,0
0.00095247,0.0067068,0
0.00095345,0.0067069,0
0.00095444,0.0067071,0
0.00095542,0.0067073,0
0.0009564,0.0067075,0
0.00095738,0.0067077,0
0.00095837,0.0067078,0
0.00095935,0.006708,0
0.00096033,0.0067082,0
0.00096132,0.0067084,0
0.0009623,0.0067086,0
0.00096328,0.0067088,0
0.00096426,0.0067089,0
0.00096525,0.0067091,0
0.00096623,0.0067093,0
0.00096721,0.0067095,0
0.00096819,0.0067097,0
0.00096918,0.0067099,0
0.00097016,0.00671,0
0.00097114,0.0067102,0
0.00097212,0.0067104,0
0.0009731,0.0067106,0
0.00097408,0.0067108,0
0.00097507,0.006711,0
0.00097605,0.0067112,0
0.00097703,0.0067114,0
0.00097801,0.0067116,0
0.00097899,0.0067117,0
0.00097997,0.0067119,0
0.00098095,0.0067121,0
0.00098194,0.0067123,0
0.00098292,0.0067125,0
0.0009839,0.0067127,0
0.00098488,0.0067129,0
0.00098586,0.0067131,0
0.00098684,0.0067133,0
0.00098782,0.0067135,0
0.0009888,0.0067137,0
0.00098978,0.0067139,0
0.00099076,0.0067141,0
0.00099174,0.0067142,0
0.00099272,0.0067144,0
0.0009937,0.0067146,0
0.00099468,0.0067148,0
0.00099566,0.006715,0
0.00099664,0.0067152,0
0.00099762,0.0067154,0
0.0009986,0.0067156,0
0.00099958,0.0067158,0
0.0010006,0.006716,0
0.0010015,0.0067162,0
0.0010025,0.0067164,0
0.0010035,0.0067166,0
0.0010045,0.0067168,0
0.0010055,0.006717,0
0.0010064,0.0067172,0
0.0010074,0.0067174,0
0.0010084,0.0067176,0
0.0010094,0.0067178,0
0.0010104,0.006718,0
0.0010113,0.0067182,0
0.0010123,0.0067184,0
0.0010133,0.0067186,0
0.0010143,0.0067188,0
0.0010152,0.006719,0
0.0010162,0.0067192,0
0.0010172,0.0067194,0
0.0010182,0.0067196,0
0.0010192,0.0067199,0
0.0010201,0.0067201,0
0.0010211,0.0067203,0
0.0010221,0.0067205,0
0.0010231,0.0067207,0
0.0010241,0.0067209,0
0.001025,0.0067211,0
0.001026,0.0067213,0
0.001027,0.0067215,0
0.001028,0.0067217,0
0.0010289,0.0067219,0
0.0010299,0.0067221,0
0.0010309,0.0067224,0
0.0010319,0.0067226,0
0.0010328,0.0067228,0
0.0010338,0.006723,0
0.0010348,0.0067232,0
0.0010358,0.0067234,0
0.0010368,0.0067236,0
0.0010377,0.0067238,0
0.0010387,0.006724,0
0.0010397,0.0067243,0
0.0010407,0.0067245,0
0.0010416,0.0067247,0
0.0010426,0.0067249,0
0.0010436,0.0067251,0
0.0010446,0.0067253,0
0.0010455,0.0067255,0
0.0010465,0.0067258,0
0.0010475,0.006726,0
0.0010485,0.0067262,0
0.0010494,0.0067264,0
0.0010504,0.0067266,0
0.0010514,0.0067269,0
0.0010524,0.0067271,0
0.0010533,0.0067273,0
0.0010543,0.0067275,0
0.0010553,0.0067277,0
0.0010563,0.0067279,0
0.0010572,0.0067282,0
0.0010582,0.0067284,0
0.0010592,0.0067286,0
0.0010602,0.0067288,0
0.0010611,0.0067291,0
0.0010621,0.0067293,0
0.0010631,0.0067295,0
0.0010641,0.0067297,0
0.001065,0.0067299,0
0.001066,0.0067302,0
0.001067,0.0067304,0
0.001068,0.0067306,0
0.0010689,0.0067308,0
0.0010699,0.0067311,0
0.0010709,0.0067313,0
0.0010719,0.0067315,0
0.0010728,0.0067317,0
0.0010738,0.006732,0
0.0010748,0.0067322,0
0.0010758,0.0067324,0
0.0010767,0.0067327,0
0.0010777,0.0067329,0
0.0010787,0.0067331,0
0.0010796,0.0067333,0
0.0010806,0.0067336,0
0.0010816,0.0067338,0
0.0010826,0.006734,0
0.0010835,0.0067343,0
0.0010845,0.0067345,0
0.0010855,0.0067347,0
0.0010865,0.006735,0
0.0010874,0.0067352,0
0.0010884,0.0067354,0
0.0010894,0.0067357,0
0.0010903,0.0067359,0
0.0010913,0.0067361,0
0.0010923,0.0067364,0
0.0010933,0.0067366,0
0.0010942,0.0067368,0
0.0010952,0.0067371,0
0.0010962,0.0067373,0
0.0010971,0.0067375,0
0.0010981,0.0067378,0
0.0010991,0.006738,0
0.0011001,0.0067382,0
0.001101,0.0067385,0
0.001102,0.0067387,0
0.001103,0.006739,0
0.0011039,0.0067392,0
0.0011049,0.0067394,0
0.0011059,0.0067397,0
0.0011069,0.0067399,0
0.0011078,0.0067402,0
0.0011088,0.0067404,0
0.0011098,0.0067406,0
0.0011107,0.0067409,0
0.0011117,0.0067411,0
0.0011127,0.0067414,0
0.0011136,0.0067416,0
0.0011146,0.0067419,0
0.0011156,0.0067421,0
0.0011166,0.0067423,0
0.0011175,0.0067426,0
0.0011185,0.0067428,0
0.0011195,0.0067431,0
0.0011204,0.0067433,0
0.0011214,0.0067436,0
0.0011224,0.0067438,0
0.0011233,0.0067441,0
0.0011243,0.0067443,0
0.0011253,0.0067446,0
0.0011262,0.0067448,0
0.0011272,0.006745,0
0.0011282,0.0067453,0
0.0011291,0.0067455,0
0.0011301,0.0067458,0
0.0011311,0.006746,0
0.001132,0.0067463,0
0.001133,0.0067465,0
0.001134,0.0067468,0
0.001135,0.006747,0
0.0011359,0.0067473,0
0.0011369,0.0067475,0
0.0011379,0.0067478,0
0.0011388,0.0067481,0
0.0011398,0.0067483,0
0.0011408,0.0067486,0
0.0011417,0.0067488,0
0.0011427,0.0067491,0
0.0011437,0.0067493,0
0.0011446,0.0067496,0
0.0011456,0.0067498,0
0.0011466,0.0067501,0
0.0011475,0.0067503,0
0.0011485,0.0067506,0
0.0011495,0.0067509,0
0.0011504,0.0067511,0
0.0011514,0.0067514,0
0.0011523,0.0067516,0
0.0011533,0.0067519,0
0.0011543,0.0067521,0
0.0011552,0.0067524,0
0.0011562,0.0067527,0
0.0011572,0.0067529,0
0.0011581,0.0067532,0
0.0011591,0.0067534,0
0.0011601,0.0067537,0
0.001161,0.006754,0
0.0013757,0.0068425,0
0.0015895,0.0069304,0
0.0018029,0.0070179,0
0.002016,0.007105,0
0.0022286,0.0071916,0
0.0024408,0.0072778,0
0.0026527,0.0073636,0
0.0028641,0.007449,0
0.0030751,0.007534,0
0.0032858,0.0076185,0
0.003496,0.0077026,0
0.0037058,0.0077863,0
0.0039153,0.0078695,0
0.0041243,0.0079523,0
0.0043329,0.0080347,0
0.0045412,0.0081167,0
0.004749,0.0081983,0
0.0049565,0.0082794,0
0.0051635,0.0083601,0
0.0053702,0.0084404,0
0.0055764,0.0085203,0
0.0057822,0.0085997,0
0.0059877,0.0086787,0
0.0061927,0.0087573,0
0.0063974,0.0088354,0
0.0066016,0.0089132,0
0.0068055,0.0089905,0
0.0070089,0.0090674,0
0.007212,0.0091438,0
0.0074146,0.0092199,0
0.0076169,0.0092955,0
0.0078188,0.0093707,0
0.0080202,0.0094454,0
0.0082213,0.0095198,0
0.0084219,0.0095937,0
0.0086222,0.0096672,0
0.0088221,0.0097402,0
0.0090215,0.0098129,0
0.0092206,0.0098851,0
0.0094192,0.0099569,0
0.0096175,0.010028,0
0.0098154,0.010099,0
0.010013,0.01017,0
0.01021,0.01024,0
0.010407,0.010309,0
0.010603,0.010379,0
0.010799,0.010448,0
0.010994,0.010516,0
0.011189,0.010584,0
0.011384,0.010651,0
0.011578,0.010719,0
0.011772,0.010785,0
0.011966,0.010852,0
0.012159,0.010917,0
0.012351,0.010983,0
0.012544,0.011048,0
0.012735,0.011112,0
0.012927,0.011177,0
0.013118,0.01124,0
0.013309,0.011304,0
0.013499,0.011366,0
0.013689,0.011429,0
0.013878,0.011491,0
0.014067,0.011553,0
0.014256,0.011614,0
0.014444,0.011675,0
0.014632,0.011735,0
0.01482,0.011795,0
0.015007,0.011854,0
0.015194,0.011913,0
0.01538,0.011972,0
0.015566,0.01203,0
0.015751,0.012088,0
0.015936,0.012145,0
0.016121,0.012202,0
0.016305,0.012259,0
0.016489,0.012315,0
0.016673,0.01237,0
0.016856,0.012426,0
0.017039,0.012481,0
0.017221,0.012535,0
0.017403,0.012589,0
0.017584,0.012642,0
0.017765,0.012696,0
0.017946,0.012748,0
0.018126,0.012801,0
0.018306,0.012852,0
0.018486,0.012904,0
0.018665,0.012955,0
0.018844,0.013005,0
0.019022,0.013055,0
0.0192,0.013105,0
0.019377,0.013155,0
0.019555,0.013203,0
0.019731,0.013252,0
0.019908,0.0133,0
0.020083,0.013347,0
0.020259,0.013395,0
0.020434,0.013441,0
0.020609,0.013488,0
0.020783,0.013534,0
0.020957,0.013579,0
0.021131,0.013624,0
0.021304,0.013669,0
0.021476,0.013713,0
0.021649,0.013757,0
0.021821,0.0138,0
0.021992,0.013843,0
